0.151507007 0.000000459
0.155275892 0.000001328
0.157323437 0.000002350
0.160681088 0.000004516
0.163269480 0.000006805
0.166990786 0.000010783
0.171068442 0.000016652
0.175892665 0.000026113
0.180463860 0.000038838
0.185606969 0.000057832
0.190937076 0.000084136
0.196355645 0.000119495
0.201465223 0.000162285
0.206637954 0.000214623
0.210892577 0.000265809
0.215112379 0.000323215
0.219496183 0.000389693
0.223830485 0.000462448
0.227851559 0.000536391
0.232467076 0.000628662
0.236653913 0.000720065
0.240789187 0.000817243
0.245349907 0.000931938
0.249728873 0.001050884
0.254108754 0.001178878
0.258229821 0.001308323
0.262697134 0.001457839
0.266930802 0.001608984
0.271369526 0.001776840
0.275283989 0.001933554
0.279688708 0.002118517
0.284073767 0.002312312
0.288368587 0.002511540
0.292411327 0.002707763
0.297163593 0.002948040
0.301128219 0.003157926
0.305094987 0.003375803
0.309987864 0.003654272
0.314223310 0.003905710
0.317660887 0.004117084
0.321468173 0.004357755
0.325016976 0.004588866
0.328774968 0.004840294
0.332596288 0.005103170
0.336869690 0.005405348
0.341247535 0.005724313
0.345708153 0.006059127
0.350924346 0.006462358
0.356014705 0.006869225
0.361319783 0.007305288
0.367020846 0.007787384
0.372290720 0.008245115
0.378048914 0.008756609
0.383722638 0.009272823
0.389209790 0.009783717
0.394567079 0.010293532
0.399775456 0.010798827
0.404531908 0.011268852
0.409684056 0.011786463
0.414997687 0.012329782
0.420111266 0.012860883
0.424893283 0.013364963
0.430057735 0.013916850
0.435154503 0.014469495
0.440646039 0.015073446
0.445322156 0.015595521
0.450306223 0.016159065
0.455183537 0.016717932
0.460336137 0.017315992
0.465485191 0.017920948
0.470908546 0.018565828
0.476381931 0.019224843
0.482228527 0.019937622
0.488159659 0.020670280
0.494199505 0.021425219
0.500662015 0.022242637
0.506767907 0.023024710
0.513299735 0.023869468
0.519472457 0.024676006
0.525864479 0.025519249
0.531897864 0.026323053
0.537818693 0.027119158
0.544044019 0.027963738
0.549918811 0.028768238
0.556250406 0.029642903
0.562199519 0.030472439
0.568468217 0.031354173
0.574093041 0.032152567
0.580037922 0.033002264
0.586031214 0.033865144
0.591994254 0.034729953
0.597699941 0.035563424
0.603434373 0.036406853
0.609330678 0.037280045
0.615123703 0.038143959
0.621178854 0.039053146
0.626814083 0.039905297
0.633136038 0.040867580
0.639170645 0.041792857
0.645197909 0.042720760
0.651555868 0.043702402
0.657359763 0.044599598
0.663670060 0.045576170
0.670036040 0.046562556
0.676485733 0.047563137
0.682876121 0.048555747
0.688584322 0.049443482
0.694782546 0.050408481
0.700879110 0.051358778
0.707082085 0.052326791
0.712639249 0.053195049
0.718635999 0.054132984
0.724694539 0.055081666
0.730877957 0.056051020
0.736916114 0.056998717
0.742610293 0.057893452
0.748904169 0.058883488
0.754945721 0.059834968
0.760885341 0.060771466
0.766715167 0.061691687
0.772782970 0.062650527
0.779151371 0.063658023
0.785310207 0.064633536
0.791007988 0.065537069
0.797485308 0.066565322
0.803645916 0.067544489
0.809605047 0.068492730
0.815609731 0.069449289
0.821842202 0.070443253
0.828057839 0.071435689
0.834417946 0.072452374
0.840303887 0.073394381
0.846375292 0.074367138
0.852492609 0.075348362
0.858644176 0.076336204
0.864647431 0.077301333
0.870517514 0.078246107
0.876641995 0.079232900
0.882810750 0.080227956
0.888829604 0.081199942
0.894716483 0.082151676
0.900744258 0.083127250
0.907196306 0.084172654
0.913020821 0.085117506
0.918795591 0.086055294
0.924677951 0.087011570
0.930649942 0.087983469
0.936403046 0.088920773
0.942462001 0.089908951
0.948216585 0.090848531
0.954479147 0.091872130
0.960455211 0.092850022
0.966391460 0.093822461
0.972562880 0.094834521
0.978693289 0.095840989
0.985079330 0.096890598
0.990982662 0.097861997
0.997271968 0.098898022
1.003486243 0.099922857
1.009756373 0.100958071
1.015571638 0.101919278
1.021672570 0.102928766
1.027706162 0.103928215
1.033902346 0.104955717
1.039728028 0.105922861
1.045853204 0.106940795
1.051977529 0.107959711
1.058208186 0.108997463
1.063687034 0.109911020
1.070015510 0.110967285
1.076091382 0.111982543
1.081994859 0.112970069
1.087990924 0.113974145
1.093822624 0.114951746
1.099867083 0.115966070
1.105962251 0.116990009
1.112138182 0.118028645
1.118582189 0.119116498
1.124259351 0.120079779
1.130570654 0.121157035
1.136630949 0.122198257
1.142741134 0.123255746
1.148363646 0.124237507
1.154554315 0.125327271
1.160620450 0.126405729
1.166688750 0.127494987
1.172637619 0.128573030
1.178768067 0.129695405
1.184921712 0.130833859
1.191133822 0.131995130
1.197335044 0.133166474
1.203102564 0.134268762
1.209284140 0.135463026
1.215451405 0.136668273
1.221692696 0.137901884
1.227211292 0.139005105
1.232899756 0.140153647
1.239141364 0.141426739
1.245345773 0.142706296
1.250856836 0.143855286
1.257075675 0.145161703
1.263227928 0.146465155
1.269257344 0.147749339
1.275251073 0.149029770
1.281371637 0.150337314
1.287537747 0.151654588
1.293972906 0.153029339
1.300088313 0.154335781
1.305821593 0.155560589
1.312037142 0.156888424
1.317956318 0.158152945
1.324132877 0.159472451
1.330123888 0.160752318
1.336233613 0.162057546
1.342385635 0.163371810
1.348406647 0.164658087
1.354396105 0.165937622
1.360108535 0.167157975
1.366054667 0.168428255
1.371960767 0.169689983
1.377892666 0.170957221
1.383511833 0.172157651
1.389601136 0.173458516
1.395651713 0.174751109
1.401749641 0.176053817
1.407259668 0.177230931
1.413660976 0.178598450
1.419937029 0.179939211
1.426311569 0.181301012
1.432115981 0.182541016
1.438247512 0.183850902
1.444235931 0.185130216
1.450821697 0.186537141
1.456382400 0.187725081
1.462537058 0.189039908
1.468837031 0.190385779
1.474687753 0.191635676
1.480295114 0.192833584
1.486425057 0.194143131
1.492745333 0.195493339
1.498388980 0.196698999
1.504565659 0.198018530
1.510692646 0.199327446
1.516672047 0.200604833
1.522362563 0.201820505
1.528175040 0.203062231
1.534095476 0.204327022
1.540126803 0.205615502
1.545880263 0.206844620
1.551763633 0.208101492
1.557880194 0.209408180
1.563811118 0.210675211
1.570141138 0.212027501
1.576051090 0.213290052
1.582415446 0.214649677
1.588698728 0.215991982
1.594320542 0.217192977
1.600629328 0.218540731
1.606916560 0.219883880
1.613138550 0.221213092
1.618850561 0.222433356
1.624851677 0.223715382
1.630995288 0.225027849
1.636944643 0.226298817
1.642887348 0.227568364
1.648939866 0.228861371
1.655189590 0.230196508
1.661174132 0.231474993
1.666753690 0.232666961
1.673032964 0.234008410
1.679137158 0.235312456
1.684934932 0.236551042
1.690796005 0.237803150
1.696496140 0.239020877
1.702500284 0.240303550
1.708314360 0.241545618
1.714538742 0.242875341
1.720507964 0.244150553
1.726725493 0.245478811
1.732932577 0.246804838
1.739153919 0.248133911
1.745123465 0.249409193
1.751391086 0.250748152
1.757687947 0.252093359
1.763633298 0.253363472
1.769834696 0.254688284
1.775748352 0.255951626
1.781878836 0.257261288
1.787755909 0.258516815
1.793854576 0.259819681
1.799614830 0.261050251
1.805445879 0.262295945
1.811344496 0.263556074
1.817274254 0.264822856
1.822671003 0.265975770
1.828540012 0.267229574
1.834348362 0.268470419
1.840171370 0.269714395
1.845824423 0.270922064
1.851948583 0.272230376
1.858247607 0.273576044
1.864671485 0.274948385
1.871128011 0.276327701
1.877036038 0.277589840
1.883346251 0.278937898
1.889468630 0.280245830
1.896000658 0.281641275
1.901769964 0.282873779
1.907716557 0.284144157
1.913778546 0.285439187
1.919620808 0.286687277
1.925505218 0.287944371
1.931499743 0.289224989
1.937255792 0.290454660
1.943057250 0.291694033
1.949047973 0.292973839
1.955242936 0.294297276
1.961209307 0.295571880
1.966841144 0.296775016
1.972938653 0.298077634
1.979006807 0.299373982
1.984893585 0.300631581
1.990825312 0.301898784
1.996810988 0.303177511
2.003072073 0.304515074
2.009241074 0.305832966
2.015128537 0.307090712
2.021190689 0.308385777
2.027415759 0.309715646
2.033471300 0.311009299
2.039324048 0.312259629
2.045854570 0.313654752
2.051867031 0.314939202
2.058235938 0.316299799
2.064007202 0.317532721
2.070328260 0.318883097
2.076644292 0.320232399
2.083101978 0.321611962
2.089229180 0.322920924
2.095338652 0.324226098
2.101898036 0.325627387
2.108476203 0.327032690
2.114662218 0.328354216
2.120331337 0.329565317
2.126866999 0.330961538
2.133242765 0.332323601
2.139581711 0.333677798
2.145665106 0.334977401
2.152156492 0.336364164
2.158788520 0.337780972
2.165200882 0.339150853
2.171164999 0.340424975
2.177806311 0.341843767
2.183549503 0.343070692
2.190172920 0.344485661
2.196398815 0.345815706
2.202807194 0.347184736
2.208675520 0.348438394
2.214997204 0.349788903
2.221302103 0.351135827
2.227710967 0.352504960
2.233719118 0.353788489
2.240445958 0.355225552
2.246821579 0.356587584
2.253291631 0.357969789
2.259688493 0.359336359
2.266104395 0.360706996
2.272569771 0.362088202
2.279143098 0.363492470
2.285424309 0.364834333
2.291697609 0.366174506
2.298088651 0.367539832
2.304697934 0.368951782
2.311044744 0.370307658
2.317173883 0.371617034
2.323310343 0.372927973
2.330010275 0.374359288
2.336378770 0.375719798
2.342482885 0.377023827
2.348798398 0.378373018
2.355325188 0.379767345
2.361242924 0.381031558
2.367660489 0.382402568
2.373854303 0.383727000
2.380448032 0.385138203
2.387249034 0.386597185
2.393456442 0.387933326
2.399686270 0.389278415
2.406242878 0.390698417
2.412333335 0.392022937
2.418692405 0.393411187
2.424881525 0.394769531
2.431225903 0.396169137
2.437340193 0.397526272
2.443290375 0.398856428
2.449589780 0.400274394
2.455343215 0.401580006
2.461720289 0.403037823
2.468037718 0.404494986
2.474391446 0.405975331
2.480934526 0.407515156
2.487100293 0.408982365
2.493453083 0.410509816
2.499864345 0.412068986
2.506520396 0.413706227
2.512761730 0.415261492
2.519034109 0.416843415
2.525300752 0.418444170
2.531788300 0.420122376
2.538135236 0.421786858
2.544185046 0.423394595
2.550503427 0.425094840
2.556584007 0.426752391
2.562677631 0.428434092
2.568090778 0.429946378
2.574210876 0.431674674
2.580263705 0.433404720
2.586477248 0.435203652
2.592376028 0.436933889
2.598646583 0.438795883
2.604680500 0.440612150
2.610809475 0.442481099
2.617249932 0.444470805
2.623170346 0.446326101
2.629495464 0.448334096
2.635987673 0.450423617
2.641846480 0.452337681
2.648220380 0.454448029
2.654394796 0.456523303
2.660759875 0.458693732
2.666810947 0.460789669
2.672792836 0.462893675
2.678821972 0.465047638
2.684921831 0.467262998
2.691060392 0.469530748
2.697002369 0.471764761
2.702486423 0.473863352
2.708284972 0.476118383
2.714065063 0.478405766
2.720202999 0.480876898
2.725973952 0.483244000
2.731745286 0.485652686
2.737807226 0.488228530
2.743786028 0.490816966
2.749897695 0.493513098
2.755503625 0.496033606
2.761724537 0.498879396
2.767813280 0.501720504
2.773791272 0.504564101
2.779895436 0.507522592
2.785589634 0.510335218
2.791397340 0.513256137
2.797042801 0.516147803
2.802836481 0.519168198
2.808500248 0.522174450
2.813941260 0.525113381
2.819337039 0.528076951
2.824695045 0.531068657
2.830079741 0.534124619
2.835482365 0.537241113
2.841019136 0.540487403
2.846183730 0.543566216
2.851858305 0.546998162
2.857235884 0.550302240
2.862907784 0.553839544
2.868550948 0.557414606
2.874112838 0.560993516
2.879582673 0.564567561
2.885086327 0.568218242
2.890751081 0.572033049
2.896261631 0.575802170
2.901838084 0.579674467
2.907226411 0.583472127
2.912215383 0.587039159
2.917745221 0.591045813
2.922887914 0.594824842
2.927997207 0.598628896
2.932554004 0.602064771
2.937624103 0.605929725
2.942658344 0.609812094
2.947584486 0.613652161
2.952358863 0.617406263
2.957383404 0.621386771
2.962480900 0.625453975
2.967835650 0.629757494
2.972859080 0.633823143
2.978143556 0.638128326
2.983478658 0.642503261
2.988530923 0.646673732
2.993602446 0.650886420
2.998768345 0.655204621
3.003540633 0.659219521
3.008809396 0.663678539
3.013932192 0.668042621
3.019024816 0.672408870
3.023541437 0.676306044
3.028465388 0.680578825
3.033218786 0.684729204
3.038036027 0.688960571
3.042677598 0.693062475
3.047084555 0.696979950
3.052023190 0.701394609
3.056690006 0.705592497
3.061531997 0.709973869
3.066155388 0.714183313
3.071169627 0.718775632
3.076099250 0.723319504
3.081020628 0.727888958
3.085593867 0.732166265
3.090450683 0.736739792
3.095479198 0.741511262
3.100111062 0.745945772
3.105112370 0.750775482
3.109817078 0.755361463
3.114551950 0.760020489
3.119203573 0.764643153
3.123449695 0.768905934
3.128102754 0.773623511
3.132555569 0.778190918
3.137041645 0.782846957
3.140987284 0.786992887
3.145261736 0.791533640
3.149379226 0.795961709
3.153658671 0.800619132
3.158032660 0.805439237
3.162243548 0.810139668
3.166410691 0.814849710
3.170847085 0.819926958
3.175121104 0.824884279
3.179508583 0.830039879
3.183744742 0.835085283
3.187960191 0.840172533
3.192293522 0.845471693
3.196516395 0.850707245
3.200627677 0.855873957
3.204849592 0.861250936
3.208870369 0.866443181
3.212795048 0.871579455
3.216592053 0.876614612
3.220444566 0.881789777
3.224138136 0.886817662
3.227950735 0.892074819
3.231892833 0.897584173
3.235991148 0.903393174
3.240123546 0.909338217
3.244182440 0.915267072
3.248502665 0.921674233
3.253010910 0.928471012
3.257623199 0.935547113
3.262191226 0.942684099
3.266529044 0.949587335
3.271287543 0.957296454
3.275810247 0.964771635
3.279678634 0.971291071
3.284178730 0.979005499
3.288209016 0.986055980
3.292219723 0.993204002
3.295596387 0.999337240
3.299065632 1.005742547
3.302722777 1.012611734
3.306100917 1.019075538
3.309463183 1.025622845
3.313143776 1.032919404
3.316558120 1.039825501
3.320260410 1.047458927
3.323873812 1.055070026
3.327191750 1.062210764
3.330857486 1.070262455
3.334399322 1.078213478
3.337776165 1.085947264
3.341028870 1.093531564
3.344210709 1.101078441
3.347345095 1.108641413
3.350050865 1.115261894
3.352675716 1.121756139
3.355284896 1.128277088
3.357945426 1.134976759
3.360545780 1.141576113
3.362954945 1.147733909
3.365517034 1.154320848
3.367965430 1.160651215
3.370369804 1.166898178
3.372907582 1.173518023
3.375490784 1.180280803
3.378103479 1.187146207
3.380770818 1.194181695
3.383577894 1.201614509
3.386106611 1.208337803
3.388672680 1.215185847
3.391304470 1.222236021
3.393916782 1.229261518
3.396322419 1.235756583
3.398884416 1.242698972
3.401411526 1.249573516
3.403922241 1.256429888
3.406238302 1.262754752
3.408603417 1.269213633
3.410964544 1.275661684
3.413321187 1.282097550
3.415633602 1.288412688
3.418159666 1.295311359
3.420891750 1.302772741
3.423367696 1.309534678
3.425831444 1.316263369
3.428357695 1.323173683
3.430940512 1.330259409
3.433449712 1.337170780
3.435899163 1.343948462
3.438227181 1.350425382
3.440680404 1.357290686
3.443199062 1.364387795
3.445513552 1.370956392
3.447910121 1.377803293
3.450339403 1.384799133
3.452738295 1.391764201
3.454970535 1.398298694
3.457137706 1.404696051
3.459374468 1.411353497
3.461648875 1.418186240
3.463895441 1.425000505
3.466068465 1.431655605
3.468160626 1.438130782
3.470380106 1.445071174
3.472531366 1.451873556
3.474593848 1.458467352
3.476759898 1.465467088
3.478909831 1.472495128
3.480951193 1.479246451
3.482858132 1.485624798
3.484912038 1.492568988
3.487188564 1.500357271
3.489198249 1.507325209
3.491264130 1.514575043
3.493270676 1.521706582
3.495255626 1.528850867
3.497228775 1.536043844
3.498939587 1.542361930
3.500873184 1.549585409
3.502531559 1.555863587
3.504399443 1.563023326
3.506077508 1.569548280
3.507843417 1.576506059
3.509540047 1.583286724
3.511217785 1.590086667
3.512957648 1.597239553
3.514638976 1.604257424
3.516214927 1.610935327
3.517870295 1.618052326
3.519540442 1.625346289
3.521057536 1.632080588
3.522571408 1.638903754
3.524189102 1.646309804
3.525781345 1.653725967
3.527336963 1.661099506
3.528745260 1.667893797
3.530134647 1.674708595
3.531517447 1.681588398
3.532910881 1.688615423
3.534313921 1.695790437
3.535641923 1.702680545
3.536988583 1.709766316
3.538293826 1.716735424
3.539567182 1.723626358
3.540806909 1.730426251
3.542111414 1.737678335
3.543357350 1.744706168
3.544569960 1.751644272
3.545812332 1.758854793
3.547063759 1.766227812
3.548286192 1.773528731
3.549418671 1.780385355
3.550632700 1.787831740
3.551770779 1.794912613
3.552904630 1.802055415
3.554031448 1.809244539
3.555114440 1.816234318
3.556199741 1.823318961
3.557345237 1.830884010
3.558393053 1.837875826
3.559381350 1.844525157
3.560461592 1.851836347
3.561507212 1.858949428
3.562579298 1.866279015
3.563572801 1.873071506
3.564576475 1.879933538
3.565601086 1.886938709
3.566690153 1.894384562
3.567692189 1.901235396
3.568771715 1.908616016
3.569833388 1.915874581
3.570906131 1.923208828
3.571912190 1.930087160
3.572929976 1.937045674
3.573962245 1.944103198
3.575015228 1.951302353
3.576070687 1.958518427
3.577107126 1.965604467
3.578109150 1.972455220
3.579212203 1.979996692
3.580247179 1.987072729
3.581280049 1.994134366
3.582231899 2.000642078
3.583265928 2.007711643
3.584244187 2.014399911
3.585317055 2.021735019
3.586311610 2.028534701
3.587410481 2.036047582
3.588471488 2.043301590
3.589498401 2.050322502
3.590526215 2.057349573
3.591578978 2.064547220
3.592622810 2.071683803
3.593697727 2.079032918
3.594770687 2.086368649
3.595822427 2.093559301
3.596883516 2.100813865
3.597928454 2.107958017
3.598986305 2.115190447
3.600023644 2.122282640
3.601078006 2.129491217
3.602115161 2.136582153
3.603071814 2.143122704
3.604078755 2.150007071
3.605106565 2.157034113
3.606167524 2.164287792
3.607146539 2.170981236
3.608210054 2.178252390
3.609283574 2.185591949
3.610305941 2.192581777
3.611364380 2.199818230
3.612371171 2.206701572
3.613397144 2.213716057
3.614430808 2.220783123
3.615489572 2.228021796
3.616520346 2.235069108
3.617600831 2.242456287
3.618647619 2.249613082
3.619707425 2.256858882
3.620724755 2.263814271
3.621734282 2.270716318
3.622734944 2.277557757
3.623757364 2.284547949
3.624853615 2.292042915
3.625862740 2.298942212
3.626938590 2.306297701
3.627898896 2.312863230
3.628931851 2.319925447
3.629958590 2.326945174
3.631018596 2.334192335
3.632100972 2.341592447
3.633080593 2.348290022
3.634098965 2.355252544
3.635077823 2.361944909
3.636144593 2.369238315
3.637235471 2.376696553
3.638234173 2.383524588
3.639346023 2.391126206
3.640404062 2.398359922
3.641407216 2.405218396
3.642435128 2.412246140
3.643522775 2.419682286
3.644508964 2.426424767
3.645588265 2.433803851
3.646574300 2.440545285
3.647613172 2.447647962
3.648694568 2.455041365
3.649745259 2.462224845
3.650721160 2.468896992
3.651752272 2.475946612
3.652803892 2.483136447
3.653850719 2.490293508
3.654901557 2.497477993
3.655913130 2.504394026
3.656971849 2.511632390
3.658058157 2.519059382
3.659108187 2.526238339
3.660138709 2.533283928
3.661209612 2.540605596
3.662274325 2.547884943
3.663327834 2.555087690
3.664351413 2.562085807
3.665432041 2.569473964
3.666517200 2.576893099
3.667596880 2.584274775
3.668679885 2.591679177
3.669717481 2.598773133
3.670818241 2.606298926
3.671972443 2.614190101
3.673149594 2.622238177
3.674245611 2.629731544
3.675422950 2.637780910
3.676609950 2.645896318
3.677842619 2.654323964
3.678921157 2.661697837
3.680070831 2.669558049
3.681258256 2.677676370
3.682373747 2.685302880
3.683538602 2.693266889
3.684611324 2.700600991
3.685764315 2.708483891
3.686929236 2.716448349
3.688077112 2.724296276
3.689208709 2.732032900
3.690315630 2.739600817
3.691443620 2.747312788
3.692609918 2.755286660
3.693697106 2.762719670
3.694868185 2.770726228
3.696033040 2.778690238
3.697184369 2.786561773
3.698432422 2.795094593
3.699661970 2.803500906
3.700900687 2.811969904
3.702109915 2.820237284
3.703417470 2.829176922
3.704702350 2.837961531
3.705996939 2.846812518
3.707170026 2.854832805
3.708368445 2.863026295
3.709627897 2.871637050
3.710901315 2.880343297
3.712038723 2.888119652
3.713268912 2.896530344
3.714452795 2.904624445
3.715610686 2.912540841
3.716738374 2.920250740
3.717952228 2.928549751
3.719208484 2.937138660
3.720438334 2.945547038
3.721659156 2.953893689
3.722927217 2.962563302
3.724154608 2.970954865
3.725468997 2.979941226
3.726693348 2.988312005
3.727970274 2.997042235
3.729258988 3.005853057
3.730607163 3.015070402
3.731827787 3.023415699
3.733130585 3.032322817
3.734450668 3.041348103
3.735631277 3.049419822
3.736941996 3.058381086
3.738214633 3.067081995
3.739514031 3.075965856
3.740826624 3.084939942
3.742069988 3.093440710
3.743387954 3.102451519
3.744783451 3.111992408
3.746135119 3.121233643
3.747511838 3.130646147
3.748964153 3.140575496
3.750336669 3.149959263
3.751844598 3.160268838
3.753257936 3.169931703
3.754759761 3.180199544
3.756192215 3.189993105
3.757515326 3.199039092
3.758942081 3.208793685
3.760387582 3.218676446
3.761782610 3.228214131
3.763158659 3.237622052
3.764499201 3.246787220
3.765961229 3.256782972
3.767382564 3.266500513
3.768743150 3.275802712
3.770101678 3.285090850
3.771517362 3.294769750
3.772916232 3.304333702
3.774315288 3.313898918
3.775738859 3.323631748
3.777074839 3.332765720
3.778573531 3.343012146
3.779950803 3.352428428
3.781355326 3.362031024
3.782734561 3.371460733
3.784123434 3.380956335
3.785557140 3.390758449
3.786998948 3.400615960
3.788293010 3.409463349
3.789747501 3.419407569
3.791181975 3.429214941
3.792675188 3.439423901
3.793973152 3.448297966
3.795350526 3.457714947
3.796740358 3.467217106
3.798140111 3.476787093
3.799410248 3.485470900
3.800832242 3.495192948
3.802196145 3.504517830
3.803648343 3.514446374
3.805068036 3.524152691
3.806394327 3.533220424
3.807853645 3.543197650
3.809378824 3.553625160
3.810764210 3.563096917
3.812087797 3.572146165
3.813486007 3.581705603
3.814934305 3.591607483
3.816334131 3.601177966
3.817762769 3.610945436
3.819042360 3.619693885
3.820541053 3.629940317
3.821940632 3.639509112
3.823242719 3.648411360
3.824715504 3.658480660
3.826169311 3.668420210
3.827595828 3.678173174
3.828924037 3.687254019
3.830328864 3.696858699
3.831725841 3.706409705
3.833079481 3.715664418
3.834441014 3.724973098
3.835843383 3.734560966
3.837231190 3.744049279
3.838725466 3.754265509
3.840077121 3.763506656
3.841494495 3.773197111
3.842840498 3.782399609
3.844215421 3.791799835
3.845506943 3.800629858
3.846956775 3.810542229
3.848328813 3.819922730
3.849811506 3.830059770
3.851096179 3.838842961
3.852531405 3.848655470
3.853902514 3.858029617
3.855354688 3.867958003
3.856676256 3.876993445
3.858084827 3.886623718
3.859471926 3.896097813
3.861006510 3.906539433
3.862336465 3.915532386
3.863877638 3.925888779
3.865221659 3.934856123
3.866610053 3.944062824
3.868040668 3.953490216
3.869507082 3.963092059
3.870866938 3.971938840
3.872358213 3.981583347
3.873843078 3.991124995
3.875392716 4.001020245
3.876937537 4.010820791
3.878426968 4.020192583
3.879992121 4.029939104
3.881576096 4.039689267
3.883091688 4.048912183
3.884707174 4.058638059
3.886378583 4.068588509
3.888088017 4.078650538
3.889783654 4.088518694
3.891312973 4.097321378
3.893066700 4.107317920
3.894870665 4.117488797
3.896599886 4.127131264
3.898198638 4.135954324
3.899992982 4.145764189
3.901710634 4.155058041
3.903554465 4.164938106
3.905362971 4.174530136
3.907095610 4.183629671
3.908825029 4.192628497
3.910696654 4.202279141
3.912631443 4.212159485
3.914502869 4.221622931
3.916364314 4.230948590
3.918308211 4.240599010
3.920218121 4.249992457
3.922199287 4.259648799
3.924057313 4.268621950
3.926047935 4.278154201
3.928041084 4.287613515
3.930055821 4.297091398
3.931968371 4.306034046
3.933858441 4.314832403
3.935926540 4.324441425
3.938047468 4.334289055
3.939951481 4.343129533
3.942005980 4.352668725
3.944023702 4.362037163
3.946122236 4.371780813
3.948136240 4.381131991
3.950059936 4.390063853
3.952178057 4.399898453
3.954386169 4.410150882
3.956330781 4.419179865
3.958352307 4.428565962
3.960386808 4.438012306
3.962517456 4.447905067
3.964592923 4.457541617
3.966570463 4.466723482
3.968683906 4.476536360
3.970798099 4.486352720
3.972775375 4.495533360
3.974793608 4.504904170
3.976921633 4.514784752
3.979055851 4.524694085
3.981026575 4.533844309
3.983120280 4.543565540
3.985230667 4.553364225
3.987049863 4.561810893
3.989096350 4.571312884
3.991124231 4.580728488
3.993245420 4.590577334
3.995127619 4.599316523
3.997184630 4.608867384
3.999256348 4.618486527
4.001382297 4.628357470
4.003298809 4.637255978
4.005384620 4.646940559
4.007470323 4.656624634
4.009577930 4.666410414
4.011502180 4.675344853
4.013652203 4.685327571
4.015714293 4.694902014
4.017812994 4.704646439
4.019746442 4.713623584
4.021741126 4.722885056
4.023710967 4.732031177
4.025731486 4.741412601
4.027772815 4.750890647
4.029802460 4.760314438
4.031762892 4.769416874
4.033839036 4.779056570
4.035740319 4.787884370
4.037755975 4.797243214
4.039769059 4.806590117
4.041880261 4.816392587
4.043914665 4.825838479
4.045893174 4.835024846
4.047924154 4.844454839
4.050102090 4.854567160
4.052081066 4.863755697
4.054197484 4.873582385
4.056192845 4.882847001
4.058309693 4.892675685
4.060319251 4.902006216
4.062208425 4.910777792
4.064356444 4.920751208
4.066418849 4.930327109
4.068428957 4.939660192
4.070480508 4.949185703
4.072588016 4.958971022
4.074707452 4.968825510
4.076874616 4.978937242
4.078846193 4.988182851
4.080916079 4.997947374
4.083040536 5.008032816
4.085057651 5.017692806
4.086899791 5.026589627
4.088821231 5.035942381
4.090772742 5.045533881
4.092483474 5.054026563
4.094313301 5.063192035
4.096102230 5.072240230
4.097914114 5.081493712
4.099544910 5.089924113
4.101242758 5.098799809
4.102935234 5.107753257
4.104619948 5.116787346
4.106313546 5.125995782
4.107883538 5.134655116
4.109516409 5.143784772
4.111108461 5.152816621
4.112704813 5.162005888
4.114215586 5.170834282
4.115664194 5.179424278
4.117165262 5.188454822
4.118807396 5.198487235
4.120187566 5.207066851
4.121610975 5.216049590
4.123075847 5.225332903
4.124548693 5.234683173
4.125987025 5.243814577
4.127451339 5.253110925
4.129034874 5.263164165
4.130503609 5.272488582
4.131950872 5.281676685
4.133354513 5.290587845
4.134799341 5.299760485
4.136229084 5.308837360
4.137613644 5.317627386
4.139068415 5.326863152
4.140569984 5.336396020
4.141987979 5.345398312
4.143402893 5.354381041
4.144753116 5.362953072
4.146214052 5.372227982
4.147664855 5.381438555
4.149174772 5.391024424
4.150599907 5.400072041
4.152054922 5.409309360
4.153552501 5.418816893
4.154968564 5.427806920
4.156300931 5.436265589
4.157768506 5.445582646
4.159256368 5.455028496
4.160735957 5.464421818
4.162081227 5.472962409
4.163576350 5.482454356
4.165041871 5.491758364
4.166410949 5.500450104
4.167872895 5.509731419
4.169258998 5.518531239
4.170826665 5.528483739
4.172233498 5.537415168
4.173703927 5.546750342
4.175080118 5.555487234
4.176592993 5.565091880
4.178048026 5.574329310
4.179561439 5.583937370
4.181005972 5.593108137
4.182435865 5.602185964
4.183933228 5.611692135
4.185317784 5.620482133
4.186689366 5.629189765
4.188213195 5.638863955
4.189724963 5.648461573
4.191176814 5.657678800
4.192593198 5.666670863
4.194074370 5.676074237
4.195498659 5.685116485
4.196883267 5.693906818
4.198326934 5.703072089
4.199751924 5.712118789
4.201245383 5.721600170
4.202726288 5.731001850
4.204080406 5.739598610
4.205591755 5.749193567
4.207048267 5.758440387
4.208514366 5.767748070
4.209975934 5.777026991
4.211274154 5.785268872
4.212724947 5.794479387
4.214202771 5.803861507
4.215642303 5.813000525
4.217078510 5.822118439
4.218547292 5.831443154
4.219964292 5.840439128
4.221376021 5.849401636
4.222830684 5.858636721
4.224343421 5.868240487
4.225821528 5.877624409
4.227201609 5.886385995
4.228699636 5.895896376
4.230148452 5.905094338
4.231521243 5.913809646
4.232953769 5.922904188
4.234451650 5.932413640
4.235917114 5.941717298
4.237382093 5.951017866
4.238872490 5.960479810
4.240224326 5.969062085
4.241731623 5.978631314
4.243168288 5.987752135
4.244530396 5.996399619
4.246013870 6.005817609
4.247416545 6.014722642
4.248892643 6.024093802
4.250225985 6.032558666
4.251684385 6.041817472
4.253198683 6.051431154
4.254768150 6.061395077
4.256174032 6.070320466
4.257538540 6.078983189
4.258999228 6.088256521
4.260476104 6.097632621
4.261761892 6.105795584
4.263205623 6.114961072
4.264655784 6.124143594
4.266162050 6.133656749
4.267509293 6.142135379
4.268984141 6.151387816
4.270494638 6.160831409
4.271951962 6.169910778
4.273409612 6.178961823
4.274758567 6.187310112
4.276226361 6.196366102
4.277680271 6.205306781
4.279156657 6.214356145
4.280550929 6.222874144
4.282018404 6.231811737
4.283466698 6.240604077
4.284938040 6.249508099
4.286323536 6.257865844
4.287787379 6.266669815
4.289276459 6.275597456
4.290703928 6.284128557
4.292217396 6.293146265
4.293693796 6.301915071
4.295266997 6.311229938
4.296760611 6.320044620
4.298264716 6.328893801
4.299874945 6.338338054
4.301463413 6.347624026
4.302953268 6.356305429
4.304496023 6.365268047
4.306005021 6.374007417
4.307574679 6.383070733
4.309014954 6.391361099
4.310550381 6.400174065
4.312120226 6.409157455
4.313768577 6.418561222
4.315318849 6.427377203
4.316865486 6.436146247
4.318468185 6.445206226
4.320097175 6.454386719
4.321719320 6.463500435
4.323265184 6.472159061
4.324813407 6.480805808
4.326497633 6.490185021
4.328125387 6.499221496
4.329763524 6.508288370
4.331358988 6.517092588
4.332919581 6.525679382
4.334621225 6.535015840
4.336170098 6.543488067
4.337824001 6.552509728
4.339490112 6.561571232
4.341099156 6.570296567
4.342799242 6.579489484
4.344357418 6.587889979
4.345955463 6.596482051
4.347565557 6.605114948
4.349274223 6.614250951
4.350973086 6.623307948
4.352731402 6.632654770
4.354404576 6.641522493
4.356108734 6.650528973
4.357710051 6.658967760
4.359455936 6.668143850
4.361150823 6.677026106
4.362775608 6.685517183
4.364464376 6.694319098
4.366163903 6.703152667
4.367944582 6.712369878
4.369702454 6.721430028
4.371362547 6.729950311
4.373146356 6.739069541
4.374938563 6.748186927
4.376675891 6.756982127
4.378479312 6.766069253
4.380134443 6.774369066
4.381901069 6.783189226
4.383724917 6.792252913
4.385610862 6.801580788
4.387410356 6.810437865
4.389169182 6.819055028
4.391120815 6.828574277
4.393006526 6.837726975
4.394835935 6.846564780
4.396662923 6.855351108
4.398459934 6.863954695
4.400327782 6.872858492
4.402235340 6.881899207
4.404071863 6.890552611
4.406034252 6.899747820
4.407875941 6.908326896
4.409903060 6.917718373
4.411906443 6.926944882
4.413813046 6.935674812
4.415683039 6.944190400
4.417669106 6.953186663
4.419710323 6.962381243
4.421681970 6.971212148
4.423625950 6.979871982
4.425551219 6.988403132
4.427628586 6.997560529
4.429667274 7.006497649
4.431713930 7.015421421
4.433601812 7.023608892
4.435759437 7.032920469
4.437896590 7.042143699
4.439911430 7.050839067
4.441848944 7.059200719
4.443956539 7.068296388
4.446047028 7.077318229
4.448093268 7.086149106
4.449986771 7.094320824
4.452067044 7.103298579
4.454090698 7.112031986
4.456243833 7.121324189
4.458234093 7.129913477
4.460302212 7.138838778
4.462420087 7.147978808
4.464463471 7.156927525
4.466421219 7.165702092
4.468189373 7.173958989
4.470089478 7.183278831
4.471828249 7.192339305
4.473469319 7.201468753
4.474865357 7.209809987
4.476314547 7.219092950
4.477663389 7.228482310
4.478871743 7.237697624
4.479947656 7.246747678
4.480859643 7.255277564
4.481736598 7.264443154
4.482480742 7.273339695
4.483129090 7.282344782
4.483631735 7.290688811
4.484066162 7.299488499
4.484414493 7.308673793
4.484654928 7.317924256
4.484778803 7.326779954
4.484802948 7.336424868
4.484710703 7.345646574
4.484500086 7.355235708
4.484195263 7.364094020
4.483779482 7.373148018
4.483254626 7.382243305
4.482607996 7.391538327
4.481878616 7.400463903
4.481054080 7.409290103
4.480080689 7.418558132
4.479038685 7.427444437
4.477884821 7.436386550
4.476623252 7.445337596
4.475246729 7.454339464
4.473742940 7.463452138
4.472124067 7.472580342
4.470462493 7.481335865
4.468593165 7.490600382
4.466628414 7.499757540
4.464498594 7.509127808
4.462291187 7.518308616
4.460298822 7.526170301
4.458017983 7.534788654
4.455617321 7.543453524
4.453244413 7.551645806
4.450836763 7.559626680
4.448079899 7.568420243
4.445278087 7.576996785
4.442245392 7.585924851
4.439272736 7.594337024
4.436103908 7.602984564
4.432627687 7.612131345
4.429215574 7.620777489
4.425513199 7.629837797
4.421834036 7.638530369
4.417891864 7.647541110
4.414212220 7.655679572
4.410744490 7.663141549
4.406856170 7.671308275
4.403121827 7.678948662
4.399138433 7.686908373
4.395333587 7.694328285
4.391382123 7.701862545
4.387058605 7.709928840
4.382656862 7.717953483
4.378201409 7.725892734
4.373750164 7.733648488
4.369094220 7.741586001
4.364148493 7.749832501
4.359227369 7.757851868
4.354505460 7.765377505
4.349406662 7.773336647
4.344062613 7.781497768
4.338668398 7.789552857
4.333220726 7.797510014
4.327347003 7.805909668
4.321408861 7.814213788
4.315167834 7.822750727
4.308764226 7.831313158
4.302712790 7.839221976
4.296181697 7.847579038
4.289474678 7.855971038
4.283059174 7.863819028
4.276889371 7.871208009
4.270861827 7.878283154
4.264531087 7.885571984
4.258210016 7.892705466
4.252266487 7.899281959
4.245882997 7.906217196
4.239338383 7.913190686
4.231991863 7.920866032
4.224960595 7.928053239
4.218128834 7.934893660
4.210425695 7.942454797
4.202905585 7.949674236
4.195173152 7.956946783
4.187730458 7.963801937
4.179669129 7.971084528
4.172250460 7.977659110
4.165253031 7.983759690
4.158462270 7.989601093
4.151238430 7.995759096
4.144014647 8.001870041
4.136294216 8.008363818
4.128710824 8.014707147
4.121355946 8.020834785
4.113309476 8.027534863
4.105246847 8.034248333
4.096959088 8.041149262
4.089707286 8.047187586
4.081689975 8.053863321
4.073490587 8.060690667
4.066113694 8.066833149
4.058749758 8.072964842
4.051196720 8.079253994
4.043352455 8.085785641
4.035679686 8.092174489
4.028080792 8.098501824
4.021013293 8.104386684
4.013261103 8.110841664
4.005365303 8.117416221
3.997627666 8.123859083
3.990446242 8.129838805
3.982326326 8.136599976
3.974575480 8.143053836
3.966873065 8.149467370
3.959517298 8.155592261
3.951579663 8.162201654
3.943423128 8.168993316
3.935671348 8.175447954
3.927774602 8.182023300
3.920704146 8.187910623
3.912713124 8.194564469
3.904656064 8.201273302
3.897570962 8.207172821
3.890028096 8.213453502
3.881970252 8.220162990
3.874185446 8.226645127
3.866542793 8.233008898
3.859500085 8.238873116
3.851543305 8.245498450
3.843465048 8.252224934
3.835502917 8.258854724
3.828052111 8.265058750
3.820603522 8.271260931
3.812577325 8.277944066
3.805064312 8.284199891
3.797367169 8.290609034
3.789576921 8.297095703
3.781794253 8.303576060
3.773545569 8.310444391
3.766041170 8.316692928
3.758292456 8.323141209
3.750663381 8.329480659
3.742724057 8.336064665
3.734751634 8.342658379
3.727053388 8.348998698
3.718807866 8.355756493
3.710859429 8.362236669
3.703416320 8.368274237
3.695642415 8.374550359
3.688248712 8.380490121
3.680283835 8.386855254
3.672147006 8.393321184
3.664410701 8.399433505
3.656740202 8.405457265
3.649034588 8.411472428
3.641036849 8.417672812
3.632985999 8.423857009
3.625613138 8.429452783
3.617471821 8.435555744
3.609359494 8.441554449
3.601419386 8.447342908
3.592865922 8.453492387
3.585216807 8.458909922
3.576648072 8.464898055
3.568288949 8.470652687
3.559938835 8.476317531
3.552832595 8.481068437
3.543760153 8.487058696
3.534973899 8.492768216
3.526712791 8.498054083
3.518556631 8.503197317
3.510574274 8.508158919
3.501795777 8.513538775
3.492969547 8.518864192
3.483982376 8.524202105
3.476148927 8.528780602
3.467441809 8.533798733
3.458669246 8.538775924
3.449960220 8.543639296
3.441548581 8.548262869
3.432914846 8.552936223
3.424187612 8.557585970
3.415337824 8.562225737
3.406838723 8.566609107
3.398233272 8.570977513
3.389021937 8.575578560
3.380248389 8.579896693
3.371232660 8.584279536
3.362266603 8.588594056
3.353083322 8.592979574
3.343793843 8.597381215
3.334771814 8.601641605
3.325588500 8.605978158
3.316212573 8.610405667
3.307039759 8.614737262
3.298033828 8.618990051
3.288842940 8.623330181
3.280123387 8.627447736
3.271001947 8.631755071
3.261350950 8.636312473
3.252496150 8.640493895
3.243490901 8.644746362
3.233965883 8.649244275
3.224703788 8.653618030
3.215832754 8.657807118
3.206724873 8.662108050
3.197596402 8.666418705
3.188366999 8.670777022
3.179165423 8.675122199
3.170222469 8.679345249
3.160737073 8.683824451
3.151258672 8.688300350
3.142803708 8.692292961
3.133047774 8.696899917
3.123998547 8.701173152
3.114456445 8.705679132
3.105433974 8.709939731
3.096842520 8.713996796
3.087349214 8.718479733
3.078051894 8.722870122
3.068703549 8.727284607
3.059999227 8.731394970
3.050934962 8.735675305
3.041801742 8.739988203
3.032474004 8.744392956
3.024029494 8.748380630
3.014714821 8.752776153
3.005840271 8.756960769
2.996862513 8.761190954
2.988099143 8.765317065
2.978685591 8.769746099
2.969726183 8.773958186
2.960357230 8.778359553
2.950825806 8.782833781
2.942316961 8.786824847
2.933502489 8.790956358
2.924609364 8.795121698
2.915265162 8.799495093
2.906420043 8.803597008
2.896908471 8.807969604
2.888256948 8.811909455
2.879125380 8.816032209
2.871092409 8.819625959
2.861717306 8.823786408
2.852866639 8.827677110
2.844083428 8.831503638
2.834439638 8.835667637
2.824905417 8.839743849
2.815623170 8.843673552
2.806333789 8.847568657
2.797094031 8.851405671
2.787724707 8.855259047
2.778262119 8.859112595
2.768980472 8.862854789
2.759915882 8.866473537
2.750793726 8.870053504
2.741127973 8.873781398
2.732243447 8.877144728
2.723075436 8.880555783
2.713698741 8.883981993
2.704058406 8.887439253
2.694605401 8.890763946
2.685435740 8.893927191
2.675632698 8.897245245
2.666147913 8.900390100
2.656501202 8.903524604
2.647787298 8.906297521
2.637835252 8.909404434
2.628068497 8.912386611
2.618445664 8.915260534
2.609319283 8.917926424
2.599647740 8.920697558
2.589770818 8.923477075
2.579910811 8.926208394
2.570725478 8.928712562
2.561169616 8.931281647
2.551139630 8.933938893
2.541497892 8.936453739
2.531315413 8.939069602
2.522215607 8.941369662
2.512575257 8.943770792
2.502780632 8.946172174
2.492709367 8.948601611
2.482783221 8.950955848
2.473234252 8.953182622
2.463148357 8.955496087
2.453824453 8.957597256
2.444078541 8.959757368
2.434153424 8.961918802
2.423925893 8.964105897
2.414426077 8.966098995
2.404792215 8.968084150
2.394722283 8.970121015
2.384378238 8.972172460
2.374875899 8.974018502
2.365596085 8.975786874
2.355895852 8.977600277
2.345822214 8.979445475
2.335672866 8.981264851
2.325753544 8.983003992
2.316320460 8.984621704
2.306450624 8.986278387
2.296468402 8.987915985
2.286669799 8.989485851
2.277394831 8.990936943
2.267609473 8.992433112
2.257531427 8.993936310
2.247477093 8.995397273
2.237548388 8.996801921
2.227881714 8.998169499
2.217682883 8.999612363
2.207339460 9.001075683
2.197319257 9.002493276
2.187425601 9.003892965
2.177684691 9.005271046
2.168136496 9.006621862
2.158259069 9.008019256
2.148434836 9.009409124
2.138610516 9.010799004
2.128624513 9.012211759
2.118914631 9.013585449
2.108459777 9.015064534
2.098825672 9.016427504
2.088844366 9.017839594
2.079434385 9.019170856
2.068993969 9.020647898
2.059206853 9.021896279
2.049497477 9.023008708
2.039376065 9.024038584
2.029229611 9.024935947
2.019325070 9.025680222
2.010165962 9.026249964
2.000182724 9.026751803
1.990211390 9.027123554
1.980044810 9.027370921
1.970053283 9.027482232
1.959840866 9.027463685
1.949874688 9.027313603
1.939355902 9.027019188
1.929144931 9.026593894
1.919410659 9.026059158
1.909203909 9.025368959
1.899338378 9.024570246
1.889521076 9.023648477
1.879425376 9.022570188
1.869614567 9.021391504
1.859955860 9.020105353
1.849847890 9.018629179
1.839769120 9.017020651
1.830263842 9.015374373
1.820455099 9.013548882
1.810624754 9.011587467
1.801101333 9.009558239
1.791912358 9.007492494
1.782109646 9.005184446
1.772235387 9.002749823
1.762769462 9.000313742
1.752217367 8.997493119
1.742380813 8.994753792
1.732505702 8.991899941
1.722503460 8.988902923
1.713175116 8.986006406
1.703393837 8.982869171
1.694066798 8.979776653
1.684609787 8.976542477
1.675844117 8.973451204
1.666697665 8.970134302
1.657771271 8.966803273
1.648495603 8.963245669
1.639426151 8.959668339
1.630637625 8.956107147
1.620861386 8.952045784
1.611365233 8.947991565
1.601615431 8.943718782
1.592834390 8.939767292
1.583054242 8.935261287
1.573145843 8.930576293
1.564329139 8.926297861
1.555945188 8.922135350
1.547168506 8.917682956
1.538211936 8.913036566
1.529476903 8.908505102
1.521659389 8.904449619
1.512568322 8.899733456
1.503428802 8.894992157
1.495087992 8.890665204
1.486176505 8.886042202
1.477139013 8.881353832
1.467604005 8.876407366
1.459000155 8.871943956
1.449778223 8.867159905
1.440747401 8.862474995
1.431327599 8.857588294
1.422848299 8.853189497
1.414201589 8.848703853
1.405159581 8.844013141
1.396865022 8.839710181
1.388089213 8.835157564
1.379409837 8.830654974
1.370200403 8.825877406
1.361458842 8.821342556
1.352899137 8.816902047
1.344254133 8.812417287
1.335098852 8.807667812
1.326206605 8.803054791
1.317587844 8.798583646
1.308149269 8.793687206
1.299262821 8.789077193
1.290540760 8.784552459
1.282245499 8.780249136
1.273304004 8.775610566
1.263986975 8.770777182
1.255253887 8.766246727
1.246318979 8.761611574
1.237587735 8.757082076
1.228838793 8.752543398
1.219940759 8.747927374
1.211285401 8.743437243
1.202202067 8.738725092
1.192724209 8.733808274
1.183382251 8.728961957
1.175006717 8.724616990
1.166056429 8.719973859
1.156865905 8.715206101
1.148109460 8.710663529
1.139460598 8.706176769
1.130738871 8.701652208
1.121646431 8.696935332
1.113031154 8.692465995
1.103752461 8.687652497
1.095592443 8.683419334
1.086250525 8.678573037
1.076676221 8.673606186
1.067416238 8.668802395
1.058678062 8.664269301
1.050011080 8.659773139
1.040213798 8.654690614
1.031304886 8.650068948
1.022408369 8.645453711
1.014272609 8.641233132
1.004866430 8.636353499
0.995880546 8.631691901
0.986663165 8.626910211
0.978260610 8.622551226
0.968999718 8.617746915
0.959974276 8.613064698
0.951405519 8.608616217
0.942591107 8.604037095
0.933457218 8.599288688
0.924632937 8.594697916
0.915759014 8.590078089
0.907233657 8.585636609
0.898789148 8.581234277
0.889493700 8.576385091
0.881162465 8.572035710
0.872219224 8.567363750
0.862880331 8.562481648
0.853809031 8.557720395
0.844372112 8.552744441
0.836086918 8.548354890
0.827034170 8.543535492
0.817631526 8.538503416
0.809074966 8.533899098
0.800237370 8.529119928
0.791232500 8.524225353
0.782887176 8.519665631
0.773682180 8.514610336
0.765145090 8.509895291
0.756261688 8.504963249
0.748291439 8.500514078
0.739313323 8.495474768
0.730573657 8.490538994
0.721899497 8.485607527
0.713495241 8.480797921
0.704604110 8.475677154
0.695725623 8.470529134
0.686686610 8.465252749
0.678666666 8.460539190
0.669747155 8.455265154
0.660719474 8.449891216
0.651988197 8.444658348
0.643605748 8.439601525
0.635137238 8.434460595
0.626120493 8.428952050
0.617974903 8.423942063
0.609805324 8.418886669
0.601464701 8.413693885
0.593019189 8.408403020
0.585229579 8.403492282
0.576592762 8.398015810
0.568082813 8.392585041
0.559402624 8.387010521
0.551141139 8.381670623
0.542796442 8.376243805
0.534376061 8.370733810
0.526072464 8.365266256
0.517610918 8.359660363
0.509103427 8.353988650
0.500652679 8.348319227
0.492557366 8.342854243
0.484823104 8.337601685
0.476640206 8.332012618
0.468330537 8.326302580
0.460214909 8.320691576
0.451931483 8.314930164
0.443922052 8.309325178
0.435599706 8.303466704
0.427503749 8.297732503
0.419608905 8.292107254
0.411359425 8.286194985
0.402976640 8.280150506
0.394599355 8.274072515
0.387148568 8.268633205
0.378949402 8.262614540
0.371008908 8.256750360
0.362875431 8.250708324
0.355107593 8.244903123
0.347308295 8.239040841
0.339180366 8.232896201
0.331185237 8.226815495
0.323386562 8.220848986
0.315607145 8.214862721
0.307752186 8.208783363
0.299649678 8.202475762
0.291847716 8.196365480
0.284287827 8.190410357
0.276081162 8.183909300
0.268477914 8.177849346
0.260626137 8.171555751
0.252795869 8.165242533
0.245012685 8.158930481
0.237158130 8.152523380
0.229369329 8.146132463
0.222103054 8.140135397
0.214575409 8.133888654
0.206562348 8.127201391
0.198921124 8.120785897
0.191747033 8.114727840
0.184061270 8.108202494
0.176270256 8.101549280
0.169057763 8.095353695
0.161196820 8.088564085
0.154061774 8.082364573
0.146310496 8.075593001
0.138907910 8.069087774
0.131289453 8.062354937
0.123490447 8.055422300
0.116051850 8.048770442
0.108656218 8.042119163
0.101322041 8.035485557
0.093967635 8.028795981
0.086515627 8.021979052
0.078954920 8.015022721
0.072156098 8.008737995
0.064605965 8.001731093
0.057249756 7.994878066
0.049849441 7.987958240
0.042863499 7.981405114
0.035634268 7.974605250
0.028230553 7.967625489
0.021192539 7.960975082
0.013623993 7.953811500
0.006399502 7.946961362
-0.000822169 7.940104161
-0.008273822 7.933022524
-0.015123395 7.926513069
-0.022542201 7.919462647
-0.029832994 7.912533881
-0.036752976 7.905957514
-0.044154671 7.898923353
-0.051343945 7.892091066
-0.058978108 7.884835980
-0.066354746 7.877825633
-0.073608336 7.870932223
-0.080712995 7.864180349
-0.087810886 7.857434907
-0.095233064 7.850381281
-0.102025096 7.843926510
-0.109365376 7.836950714
-0.116712089 7.829968806
-0.124304426 7.822753470
-0.131001870 7.816388590
-0.138533140 7.809231288
-0.145931378 7.802200414
-0.153323924 7.795174948
-0.160358035 7.788490119
-0.167678099 7.781533536
-0.175001432 7.774573846
-0.182687861 7.767269090
-0.189952405 7.760365270
-0.196797724 7.753859858
-0.204489250 7.746550259
-0.211630522 7.739763589
-0.219481621 7.732302340
-0.226084835 7.726027012
-0.233354747 7.719118090
-0.240524855 7.712304017
-0.248004501 7.705195776
-0.255337165 7.698227219
-0.262490073 7.691429492
-0.270064095 7.684231561
-0.277490747 7.677173683
-0.284235855 7.670763506
-0.291441256 7.663915892
-0.299165177 7.656575506
-0.306105715 7.649979604
-0.313505006 7.642947727
-0.320126304 7.636655213
-0.327489102 7.629658018
-0.334881155 7.622633021
-0.342235988 7.615643395
-0.349091245 7.609128539
-0.356354491 7.602225953
-0.363881185 7.595072999
-0.371046719 7.588263274
-0.377849785 7.581798017
-0.385397928 7.574624680
-0.392929393 7.567467194
-0.400057654 7.560692889
-0.407147125 7.553955449
-0.414256182 7.547199395
-0.421629598 7.540192109
-0.428886623 7.533295436
-0.436122395 7.526418958
-0.442893708 7.519983878
-0.450438134 7.512814074
-0.458036014 7.505593470
-0.464940643 7.499031693
-0.472406307 7.491936740
-0.479837911 7.484874156
-0.487298291 7.477784224
-0.494424267 7.471012092
-0.501701327 7.464096378
-0.508896271 7.457258701
-0.516416213 7.450112165
-0.523142793 7.443719597
-0.530409232 7.436813977
-0.537726959 7.429859614
-0.545017651 7.422930944
-0.551931465 7.416360439
-0.559388235 7.409273938
-0.566474645 7.402539407
-0.573369167 7.395987236
-0.581160546 7.388582741
-0.588507000 7.381601078
-0.595909481 7.374566171
-0.602967353 7.367858760
-0.610670904 7.360537733
-0.618113773 7.353464443
-0.625500266 7.346444729
-0.632272942 7.340008353
-0.639736803 7.332915113
-0.646957497 7.326052966
-0.654398461 7.318981487
-0.661662629 7.312078024
-0.668623031 7.305463244
-0.676301434 7.298166116
-0.683233915 7.291577870
-0.690555512 7.284619830
-0.697421284 7.278094981
-0.704919590 7.270969006
-0.712313008 7.263942712
-0.719467363 7.257143610
-0.726698892 7.250271166
-0.733753199 7.243567143
-0.741405049 7.236295249
-0.748677583 7.229383835
-0.755778889 7.222635148
-0.763222916 7.215560758
-0.770791066 7.208368407
-0.777566574 7.201929340
-0.785076137 7.194792668
-0.792509290 7.187728612
-0.799754260 7.180843393
-0.806986207 7.173970552
-0.813772547 7.167521191
-0.821087131 7.160569816
-0.828391963 7.153627708
-0.835784675 7.146602085
-0.842797909 7.139937096
-0.850034939 7.133059424
-0.857492297 7.125972364
-0.865177609 7.118668670
-0.872075835 7.112112978
-0.879465283 7.105090457
-0.886668664 7.098244763
-0.893764339 7.091501426
-0.900894490 7.084725326
-0.908252483 7.077732697
-0.915596319 7.070753523
-0.922874935 7.063836330
-0.929841707 7.057215496
-0.937233184 7.050191046
-0.944777311 7.043021525
-0.951889703 7.036262303
-0.959249527 7.029267934
-0.966634226 7.022249926
-0.973473325 7.015750425
-0.980828575 7.008760403
-0.988351833 7.001610715
-0.995616257 6.994707010
-1.003088941 6.987605385
-1.009948717 6.981086234
-1.017449277 6.973958118
-1.024416791 6.967336579
-1.031785610 6.960333662
-1.038740135 6.953724467
-1.046277225 6.946561634
-1.054125297 6.939103262
-1.061455179 6.932137348
-1.068417986 6.925520283
-1.075596857 6.918697882
-1.083345793 6.911333723
-1.090527800 6.904508341
-1.097327814 6.898045985
-1.104442576 6.891284510
-1.111722595 6.884365983
-1.118864133 6.877579061
-1.126260413 6.870550046
-1.133376594 6.863787223
-1.140570667 6.856950374
-1.147572490 6.850296230
-1.154907010 6.843325909
-1.162171222 6.836422405
-1.169439893 6.829514663
-1.177065005 6.822268179
-1.184480156 6.815221230
-1.191192407 6.808842279
-1.198361528 6.802029144
-1.205247653 6.795484953
-1.212452459 6.788637904
-1.219669004 6.781779700
-1.226800330 6.775002483
-1.234087633 6.768077035
-1.241520647 6.761013111
-1.248489881 6.754389936
-1.256030239 6.747223999
-1.263346648 6.740270889
-1.270639352 6.733340307
-1.277985507 6.726358929
-1.285148448 6.719551667
-1.292497934 6.712567123
-1.299868169 6.705562860
-1.306759435 6.699013783
-1.314331615 6.691817603
-1.321655275 6.684857603
-1.329227843 6.677661053
-1.336547606 6.670704757
-1.343993386 6.663628700
-1.351326108 6.656660087
-1.358274517 6.650056705
-1.365760043 6.642942876
-1.372874508 6.636181683
-1.380110977 6.629304544
-1.387613118 6.622174925
-1.394879978 6.615268904
-1.402398642 6.608123583
-1.409621100 6.601259759
-1.416802141 6.594435295
-1.423760346 6.587822603
-1.431142980 6.580806558
-1.438788267 6.573540900
-1.446104612 6.566587852
-1.452980785 6.560053118
-1.459724671 6.553644103
-1.467123532 6.546612635
-1.474483741 6.539617901
-1.481343552 6.533098717
-1.489126185 6.525702533
-1.496183727 6.518995437
-1.503452219 6.512087865
-1.510621410 6.505274664
-1.518069305 6.498196597
-1.525994993 6.490664463
-1.533407807 6.483619736
-1.540349636 6.477022606
-1.547432288 6.470291646
-1.554860411 6.463232369
-1.562110628 6.456342166
-1.568879697 6.449909217
-1.576115712 6.443032510
-1.583719047 6.435806722
-1.590907968 6.428974770
-1.598152433 6.422090032
-1.604855174 6.415720118
-1.612394983 6.408554702
-1.619356214 6.401939134
-1.626624048 6.395032188
-1.633599867 6.388402756
-1.640912136 6.381453581
-1.648409553 6.374328451
-1.655717348 6.367383528
-1.662359498 6.361071197
-1.669873115 6.353930672
-1.677129330 6.347034768
-1.684426571 6.340099874
-1.691221236 6.333642602
-1.698356172 6.326861954
-1.705792073 6.319795285
-1.713385089 6.312579304
-1.720642839 6.305681941
-1.728161761 6.298536374
-1.735865123 6.291215526
-1.743338719 6.284113035
-1.750318885 6.277479472
-1.757741600 6.270425335
-1.764904793 6.263617834
-1.772260562 6.256627319
-1.779338193 6.249901130
-1.786258379 6.243324569
-1.793507956 6.236434973
-1.801481097 6.228857742
-1.808440504 6.222243907
-1.815288990 6.215735486
-1.822651216 6.208738834
-1.830135477 6.201626208
-1.837375288 6.194745893
-1.844419624 6.188051346
-1.851677184 6.181154164
-1.859197150 6.174007605
-1.866523620 6.167044934
-1.873701031 6.160223920
-1.880908174 6.153374652
-1.888222990 6.146423056
-1.895309340 6.139688582
-1.902359755 6.132988258
-1.910130373 6.125603494
-1.917096828 6.118982961
-1.924018276 6.112405201
-1.931337257 6.105449647
-1.938949726 6.098215178
-1.946382410 6.091151567
-1.953926598 6.083981989
-1.961128629 6.077137579
-1.968132478 6.070481508
-1.975489799 6.063489519
-1.982656152 6.056679014
-1.989587315 6.050092021
-1.997083414 6.042968144
-2.004100831 6.036299180
-2.010934730 6.029804621
-2.018467743 6.022645663
-2.025597873 6.015869583
-2.033040004 6.008796994
-2.040262528 6.001933108
-2.047499382 5.995055602
-2.054953814 5.987971324
-2.062094104 5.981185588
-2.069582275 5.974069245
-2.076563325 5.967434843
-2.083855515 5.960504750
-2.091261078 5.953466913
-2.098399307 5.946683136
-2.105328748 5.940097780
-2.112350999 5.933424221
-2.119652821 5.926484974
-2.127036332 5.919468095
-2.134090344 5.912764353
-2.141092251 5.906110129
-2.148548135 5.899024470
-2.156214686 5.891738605
-2.163523483 5.884792730
-2.170638466 5.878031044
-2.178365569 5.870687633
-2.185580298 5.863831155
-2.192854996 5.856917686
-2.200305759 5.849836894
-2.207310072 5.843180382
-2.214455491 5.836389773
-2.221687064 5.829517287
-2.228887861 5.822674048
-2.236167481 5.815755902
-2.243564337 5.808726339
-2.251199796 5.801470023
-2.258666324 5.794374248
-2.265531827 5.787849655
-2.273301082 5.780466185
-2.280809238 5.773330851
-2.288064944 5.766435430
-2.295230844 5.759625355
-2.302739359 5.752489679
-2.309874492 5.745708844
-2.317141927 5.738802277
-2.324153150 5.732139199
-2.331240216 5.725404044
-2.338629526 5.718381654
-2.345971325 5.711404415
-2.353061626 5.704666187
-2.360070699 5.698005152
-2.367691764 5.690762514
-2.375080253 5.683740904
-2.382450193 5.676736921
-2.389495769 5.670041196
-2.397205571 5.662714228
-2.404339081 5.655934935
-2.412046300 5.648610422
-2.418817784 5.642175179
-2.426172117 5.635186029
-2.433705123 5.628027078
-2.441096301 5.621002911
-2.448015651 5.614427145
-2.455311301 5.607493763
-2.462720974 5.600452021
-2.469976992 5.593556304
-2.477071030 5.586814524
-2.484328107 5.579917800
-2.491885753 5.572735432
-2.498725256 5.566235547
-2.506381384 5.558959588
-2.513651218 5.552050741
-2.521064850 5.545005235
-2.528375173 5.538057910
-2.536016324 5.530796184
-2.543298914 5.523875214
-2.550941233 5.516612377
-2.557960070 5.509942065
-2.565195814 5.503065615
-2.572468622 5.496153941
-2.579375474 5.489590052
-2.587024885 5.482320475
-2.594019907 5.475672794
-2.601115398 5.468929633
-2.608451268 5.461958029
-2.615947457 5.454834066
-2.623282925 5.447862844
-2.630699395 5.440814643
-2.638126308 5.433756516
-2.645057826 5.427169185
-2.652603108 5.419998568
-2.659415573 5.413524379
-2.666516184 5.406776352
-2.673831523 5.399824259
-2.681010501 5.393001757
-2.688186705 5.386181890
-2.695054179 5.379655423
-2.702389143 5.372684680
-2.710042678 5.365411185
-2.717680771 5.358152365
-2.724688041 5.351493044
-2.731996182 5.344547791
-2.739434499 5.337478828
-2.746748121 5.330528366
-2.753768852 5.323856253
-2.761007988 5.316976580
-2.768164325 5.310175594
-2.775637684 5.303073328
-2.782475658 5.296574897
-2.789653750 5.289749526
-2.796414673 5.283311735
-2.803429703 5.276621306
-2.810037181 5.270305638
-2.817404920 5.263248606
-2.824762767 5.256184655
-2.832140756 5.249084892
-2.839151584 5.242322694
-2.846249228 5.235461557
-2.853469146 5.228466517
-2.860650801 5.221492603
-2.867554893 5.214772927
-2.874882566 5.207625325
-2.881725586 5.200934895
-2.888940814 5.193865171
-2.896205986 5.186730126
-2.903064707 5.179974724
-2.910569541 5.172562689
-2.917059248 5.166133981
-2.924216843 5.159025230
-2.931251647 5.152018370
-2.938506022 5.144772392
-2.945366452 5.137897903
-2.952453938 5.130774298
-2.959583676 5.123585679
-2.966590290 5.116494728
-2.973637905 5.109329887
-2.980295931 5.102510618
-2.987454706 5.095120555
-2.994514560 5.087750830
-3.001026381 5.080871403
-3.007716370 5.073712978
-3.014651351 5.066193719
-3.021250629 5.058930253
-3.027996094 5.051395883
-3.034458998 5.044066696
-3.041149245 5.036362910
-3.047638446 5.028770224
-3.054030010 5.021173545
-3.060459921 5.013410875
-3.066802406 5.005630877
-3.072726923 4.998247077
-3.078773675 4.990592273
-3.084920442 4.982684105
-3.091072499 4.974636184
-3.097233008 4.966439674
-3.103100748 4.958497178
-3.108944236 4.950454660
-3.114732231 4.942353106
-3.120614282 4.933978956
-3.126225164 4.925849443
-3.131776033 4.917668639
-3.137633253 4.908886880
-3.143026095 4.900650767
-3.148204120 4.892604454
-3.153729764 4.883871023
-3.159115724 4.875199704
-3.164366978 4.866588349
-3.169398409 4.858184892
-3.174485294 4.849534961
-3.179399337 4.841022476
-3.184394531 4.832209263
-3.189371792 4.823258493
-3.194045231 4.814688681
-3.198489514 4.806384665
-3.203188836 4.797441971
-3.208020927 4.788062364
-3.212615910 4.778954008
-3.216864338 4.770357965
-3.221363105 4.761075898
-3.225614943 4.752114676
-3.229782992 4.743146035
-3.234150918 4.733548322
-3.238211058 4.724422446
-3.242084939 4.715523444
-3.245852384 4.706681002
-3.249967548 4.696811596
-3.253887256 4.687178590
-3.257360711 4.678433498
-3.261042330 4.668955899
-3.264749150 4.659177295
-3.268386905 4.649331877
-3.271701622 4.640122392
-3.274845869 4.631165923
-3.278186914 4.621411268
-3.281511906 4.611434384
-3.284676284 4.601664767
-3.287691434 4.592086775
-3.290499833 4.582907420
-3.293338849 4.573365319
-3.296114711 4.563754656
-3.298972750 4.553552341
-3.301629020 4.543749501
-3.304205957 4.533922184
-3.306703017 4.524072195
-3.309080413 4.514361807
-3.311482252 4.504198556
-3.313606151 4.494861764
-3.315821058 4.484766107
-3.317967113 4.474580573
-3.319911708 4.464952413
-3.321781211 4.455303937
-3.323680292 4.445070397
-3.325376244 4.435484935
-3.327137642 4.425054300
-3.328692365 4.415345235
-3.330293684 4.404812433
-3.331700898 4.394990839
-3.332957183 4.385694969
-3.334190006 4.376023577
-3.335404748 4.365859359
-3.336540495 4.355643084
-3.337534732 4.345972443
-3.338479838 4.336015140
-3.339347517 4.326019576
-3.340138350 4.315968714
-3.340830589 4.306153995
-3.341431247 4.296556304
-3.341965175 4.286817339
-3.342462532 4.276226363
-3.342840643 4.266344230
-3.343131506 4.256507288
-3.343333130 4.246870161
-3.343456285 4.236982232
-3.343494432 4.226867292
-3.343445152 4.217224397
-3.343313006 4.207492441
-3.343087239 4.197289500
-3.342777018 4.187313009
-3.342364814 4.176974463
-3.341876856 4.167010833
-3.341292153 4.156887572
-3.340609395 4.146650804
-3.339866749 4.136847040
-3.338966479 4.126185350
-3.338000167 4.115895542
-3.336946001 4.105668142
-3.335889675 4.096201943
-3.334749969 4.086664115
-3.333476235 4.076672425
-3.332086679 4.066445376
-3.330548332 4.055798540
-3.329026354 4.045882939
-3.327394264 4.035793404
-3.325744676 4.026084027
-3.323954813 4.015972529
-3.322100868 4.005896040
-3.320254574 3.996204234
-3.318389516 3.986676564
-3.316480010 3.977124948
-3.314667232 3.968224042
-3.312586993 3.958149601
-3.310584249 3.948577670
-3.308590387 3.939152747
-3.306620742 3.929935779
-3.304470051 3.919956641
-3.302234098 3.909661680
-3.300125396 3.900022219
-3.298012869 3.890429729
-3.295775946 3.880339465
-3.293477436 3.870042987
-3.291252197 3.860130712
-3.289144145 3.850790972
-3.286794394 3.840432936
-3.284512236 3.830428916
-3.282361213 3.821050250
-3.280170126 3.811544674
-3.278044714 3.802370552
-3.275848634 3.792937383
-3.273580797 3.783244371
-3.271322601 3.773641612
-3.269139306 3.764403905
-3.266811239 3.754600969
-3.264588933 3.745290857
-3.262150520 3.735172909
-3.259608186 3.724765754
-3.257339833 3.715631191
-3.254865591 3.705824832
-3.252464670 3.696473761
-3.249826137 3.686404581
-3.247225068 3.676701910
-3.244524666 3.666849185
-3.241871934 3.657392550
-3.239352941 3.648616600
-3.236438871 3.638679684
-3.233595137 3.629211335
-3.230408239 3.618834946
-3.227299155 3.608952723
-3.224316308 3.599683075
-3.221163677 3.590087658
-3.217790239 3.580035877
-3.214554264 3.570602636
-3.211361272 3.561481429
-3.206892178 3.548959358
-3.204293854 3.541866885
-3.201056027 3.533157079
-3.197550322 3.523892751
-3.193737251 3.514002674
-3.190256247 3.505150103
-3.186776064 3.496417962
-3.182975063 3.486994701
-3.179081077 3.477432597
-3.175432841 3.468530086
-3.171579437 3.459167069
-3.167809820 3.450026385
-3.163830511 3.440377346
-3.160073694 3.431267808
-3.156284700 3.422080248
-3.152620321 3.413194853
-3.148816657 3.403971720
-3.144868155 3.394397384
-3.141158692 3.385402671
-3.137650585 3.376896205
-3.133812209 3.367588901
-3.129922555 3.358157261
-3.126188388 3.349102645
-3.122381959 3.339872807
-3.118766683 3.331106478
-3.114855968 3.321623769
-3.110795418 3.311777737
-3.107121443 3.302869074
-3.103219038 3.293406514
-3.099257123 3.283799654
-3.095449596 3.274567154
-3.091711003 3.265501806
-3.087947847 3.256376896
-3.084239863 3.247385769
-3.080295296 3.237820974
-3.076535787 3.228704910
-3.072798557 3.219642865
-3.068989211 3.210405955
-3.065083522 3.200935431
-3.061041638 3.191134662
-3.057346395 3.182174430
-3.053496774 3.172839859
-3.049558569 3.163290493
-3.045525056 3.153510021
-3.041632341 3.144070956
-3.038067007 3.135425728
-3.034235188 3.126134325
-3.030371055 3.116764567
-3.026509409 3.107400838
-3.022971153 3.098821267
-3.019227676 3.089744076
-3.015214868 3.080013812
-3.011502627 3.071012362
-3.007820984 3.062085104
-3.003952206 3.052704084
-3.000035367 3.043206524
-2.996016126 3.033460660
-2.992218076 3.024251140
-2.988485618 3.015200668
-2.984712398 3.006051355
-2.980872878 2.996741279
-2.977023118 2.987406371
-2.973278373 2.978326105
-2.969482922 2.969122889
-2.965680889 2.959903709
-2.961669925 2.950177915
-2.957994233 2.941265091
-2.954123427 2.931879151
-2.950238339 2.922458582
-2.946286014 2.912874976
-2.942462743 2.903604299
-2.938820626 2.894772886
-2.934902259 2.885271621
-2.930990521 2.875786429
-2.927192254 2.866576385
-2.923560554 2.857770231
-2.919700334 2.848409960
-2.915664002 2.838622654
-2.911959920 2.829640987
-2.908158340 2.820422909
-2.904151622 2.810707410
-2.900285994 2.801334025
-2.896636446 2.792484594
-2.892751956 2.783065473
-2.889070235 2.774138029
-2.885168954 2.764678196
-2.881314349 2.755331540
-2.877658158 2.746465999
-2.873824940 2.737171205
-2.870034838 2.727980958
-2.866112990 2.718471251
-2.862447726 2.709583710
-2.858592573 2.700235727
-2.854881219 2.691236429
-2.850933569 2.681664158
-2.847157185 2.672507173
-2.843117757 2.662712360
-2.839311211 2.653482238
-2.835553560 2.644370680
-2.831758516 2.635168447
-2.827958348 2.625953792
-2.824041204 2.616455492
-2.820385672 2.607591550
-2.816675998 2.598596325
-2.812885341 2.589404732
-2.809077869 2.580172366
-2.805301168 2.571014612
-2.801919153 2.562813895
-2.798667635 2.554929606
-2.795857324 2.548115158
-2.794077537 2.543799527
-2.793195997 2.541661968
-2.792768993 2.540626567
-2.792486413 2.539941367
-2.792243613 2.539352625
-2.792110878 2.539030768
-2.791971850 2.538693652
-2.791861427 2.538425898
-2.791755873 2.538169951
-2.791664727 2.537948941
-2.791584847 2.537755248
-2.791507864 2.537568580
-2.791439122 2.537401892
-2.791375767 2.537248269
-2.791320723 2.537114799
-2.791264822 2.536979250
-2.791212848 2.536853223
-2.791164531 2.536736065
-2.791121673 2.536632142
-2.791078060 2.536526388
-2.791037082 2.536427026
-2.790997780 2.536331725
-2.790963052 2.536247518
-2.790927920 2.536162331
-2.790894357 2.536080947
-2.790860967 2.535999982
-2.790830819 2.535926879
-2.790800771 2.535854019
-2.790772174 2.535784676
-2.790743712 2.535715663
-2.790718391 2.535654263
-2.790691650 2.535589421
-2.790666590 2.535528657
-2.790641526 2.535467881
-2.790618350 2.535411683
-2.790596221 2.535358026
-2.790574116 2.535304424
-2.790552353 2.535251655
-2.790530641 2.535199006
-2.790511972 2.535153737
-2.790491627 2.535104405
-2.790471554 2.535055733
-2.790453188 2.535011198
-2.790434802 2.534966616
-2.790417359 2.534924319
-2.790398763 2.534879229
-2.790382049 2.534838700
-2.790365595 2.534798802
-2.790349512 2.534759804
-2.790332747 2.534719154
-2.790315954 2.534678433
-2.790301531 2.534643459
-2.790286487 2.534606981
-2.790271450 2.534570519
-2.790256340 2.534533882
-2.790241987 2.534499078
-2.790228586 2.534466583
-2.790215256 2.534434259
-2.790201720 2.534401438
-2.790188961 2.534370501
-2.790175635 2.534338186
-2.790162196 2.534305600
-2.790149439 2.534274668
-2.790137734 2.534246285
-2.790126162 2.534218225
-2.790114295 2.534189450
-2.790103159 2.534162447
-2.790091496 2.534134167
-2.790079794 2.534105792
-2.790068072 2.534077369
-2.790056964 2.534050433
-2.790045266 2.534022068
-2.790035412 2.533998175
-2.790025203 2.533973419
-2.790015123 2.533948977
-2.790005661 2.533926034
-2.789995620 2.533901687
-2.789985615 2.533877426
-2.789975579 2.533853091
-2.789965961 2.533829770
-2.789955967 2.533805536
-2.789945914 2.533781159
-2.789936354 2.533757978
-2.789926258 2.533733498
-2.789917865 2.533713146
-2.789909504 2.533692872
-2.789901563 2.533673616
-2.789893187 2.533653307
-2.789884839 2.533633065
-2.789876465 2.533612760
-2.789868515 2.533593483
-2.789860140 2.533573173
-2.789851953 2.533553322
-2.789843468 2.533532747
-2.789835511 2.533513453
-2.789827171 2.533493230
-2.789818806 2.533472947
-2.789810438 2.533452656
-2.789802098 2.533432433
-2.789794066 2.533412958
-2.789785742 2.533392775
-2.789779061 2.533376575
-2.789772385 2.533360385
-2.789766030 2.533344976
-2.789759277 2.533328601
-2.789752604 2.533312420
-2.789745900 2.533296165
-2.789739551 2.533280769
-2.789732873 2.533264578
-2.789726127 2.533248220
-2.789719797 2.533232870
-2.789712980 2.533216340
-2.789706419 2.533200432
-2.789699955 2.533184757
-2.789693357 2.533168758
-2.789686579 2.533152323
-2.789679854 2.533136016
-2.789673515 2.533120645
-2.789666850 2.533104484
-2.789660124 2.533088175
-2.789653457 2.533072008
-2.789646773 2.533055802
-2.789640393 2.533040332
-2.789633727 2.533024167
-2.789627034 2.533007938
-2.789620473 2.532992030
-2.789615618 2.532980257
-2.789610571 2.532968018
-2.789605569 2.532955889
-2.789600542 2.532943700
-2.789595773 2.532932136
-2.789590842 2.532920179
-2.789585715 2.532907748
