-0.000372174 0.000037994
-0.000371045 0.000047475
-0.000357678 0.000047591
-0.000344444 0.000047681
-0.000332537 0.000047762
-0.000321768 0.000047835
-0.000312021 0.000047902
-0.000303197 0.000047962
-0.000295211 0.000048016
-0.000287981 0.000048066
-0.000281437 0.000048110
-0.000275513 0.000048151
-0.000270150 0.000048187
-0.000265296 0.000048221
-0.000260902 0.000048251
-0.000256925 0.000048278
-0.000253324 0.000048302
-0.000250065 0.000048324
-0.000247115 0.000048345
-0.000244444 0.000048363
-0.000242027 0.000048379
-0.000239839 0.000048394
-0.000237858 0.000048408
-0.000236065 0.000048420
-0.000234442 0.000048431
-0.000232972 0.000048441
-0.000231643 0.000048450
-0.000230439 0.000048458
-0.000229349 0.000048466
-0.000228362 0.000048473
-0.000227470 0.000048479
-0.000226661 0.000048484
-0.000225930 0.000048489
-0.000225267 0.000048494
-0.000224668 0.000048498
-0.000224125 0.000048501
-0.000223634 0.000048505
-0.000223189 0.000048508
-0.000222786 0.000048511
-0.000222422 0.000048513
-0.000222092 0.000048515
-0.000221794 0.000048517
-0.000221523 0.000048519
-0.000221279 0.000048521
-0.000221057 0.000048522
-0.000220857 0.000048524
-0.000220675 0.000048525
-0.000220511 0.000048526
-0.000220362 0.000048527
-0.000220228 0.000048528
-0.000220106 0.000048529
-0.000219996 0.000048530
-0.000219896 0.000048530
-0.000219805 0.000048531
-0.000219724 0.000048531
-0.000219650 0.000048532
-0.000219583 0.000048532
-0.000219522 0.000048533
-0.000219467 0.000048533
-0.000219417 0.000048534
-0.000219372 0.000048534
-0.000219332 0.000048534
-0.000219295 0.000048534
-0.000219261 0.000048535
-0.000219231 0.000048535
-0.000219204 0.000048535
-0.000219179 0.000048535
-0.000219157 0.000048535
-0.000219136 0.000048535
-0.000219118 0.000048536
-0.000219101 0.000048536
-0.000219086 0.000048536
-0.000219073 0.000048536
-0.000219060 0.000048536
-0.000219049 0.000048536
-0.000219039 0.000048536
-0.000219030 0.000048536
-0.000219022 0.000048536
-0.000219014 0.000048536
-0.000219007 0.000048536
-0.000219001 0.000048536
-0.000218996 0.000048536
-0.000218991 0.000048536
-0.000218986 0.000048536
-0.000218982 0.000048537
-0.000218978 0.000048537
-0.000218975 0.000048537
-0.000218972 0.000048537
-0.000218969 0.000048537
-0.000218966 0.000048537
-0.000218964 0.000048537
-0.000218962 0.000048537
-0.000218960 0.000048537
-0.000218959 0.000048537
-0.000218957 0.000048537
-0.000218956 0.000048537
-0.000218954 0.000048537
-0.000218953 0.000048537
-0.000218952 0.000048537
-0.000218951 0.000048537
-0.000218951 0.000048537
-0.000218950 0.000048537
-0.000218949 0.000048537
-0.000218948 0.000048537
-0.000218948 0.000048537
-0.000218947 0.000048537
-0.000218947 0.000048537
-0.000218946 0.000048537
-0.000218946 0.000048537
-0.000218946 0.000048537
-0.000218945 0.000048537
-0.000218945 0.000048537
-0.000218945 0.000048537
-0.000218945 0.000048537
-0.000218944 0.000048537
-0.000218944 0.000048537
-0.000218944 0.000048537
-0.000218944 0.000048537
-0.000218944 0.000048537
-0.000218944 0.000048537
-0.000218944 0.000048537
-0.000218943 0.000048537
-0.000218943 0.000048537
-0.000218943 0.000048537
-0.000218943 0.000048537
-0.000218943 0.000048537
-0.000218943 0.000048537
-0.000218943 0.000048537
-0.000218943 0.000048537
-0.000218943 0.000048537
-0.000218943 0.000048537
-0.000218943 0.000048537
-0.000218943 0.000048537
-0.000218943 0.000048537
-0.000218943 0.000048537
-0.000218943 0.000048537
-0.000218943 0.000048537
-0.000218943 0.000048537
-0.000218943 0.000048537
-0.000218943 0.000048537
-0.000218943 0.000048537
-0.000218943 0.000048537
-0.000218943 0.000048537
-0.000218943 0.000048537
-0.000218943 0.000048537
-0.000218943 0.000048537
-0.000218943 0.000048537
-0.000218943 0.000048537
-0.000218943 0.000048537
-0.000218943 0.000048537
-0.000218943 0.000048537
-0.000218943 0.000048537
-0.000218943 0.000048537
-0.000218943 0.000048537
-0.000218943 0.000048537
-0.000218943 0.000048537
-0.000218943 0.000048537
-0.000218943 0.000048537
-0.000218943 0.000048537
-0.000218943 0.000048537
-0.000218943 0.000048537
0.272934225 -0.190400949
0.288348717 -0.191592617
0.299335197 -0.190381187
0.309912721 -0.189364113
0.320528205 -0.188255540
0.331140482 -0.187065608
0.341842548 -0.185869855
0.352593567 -0.184711213
0.363431202 -0.183586844
0.374299730 -0.182461324
0.385254056 -0.181290567
0.396458364 -0.180267157
0.407717428 -0.179160514
0.418915065 -0.178038791
0.430089467 -0.176958657
0.441234506 -0.175879809
0.452361560 -0.174901092
0.463415776 -0.173937975
0.474307952 -0.172907940
0.484998377 -0.171843446
0.495620714 -0.170741542
0.506385488 -0.169735466
0.517114452 -0.168608959
0.527942122 -0.167445882
0.538783934 -0.166261510
0.550382517 -0.165948208
0.561983101 -0.165443667
0.573271556 -0.164859621
0.584569695 -0.164154851
0.595576824 -0.163446782
0.606444899 -0.162666928
0.617327897 -0.161970125
0.628116051 -0.160968392
0.638903345 -0.159929364
0.649734382 -0.159031147
0.660580590 -0.158108740
0.671461084 -0.157158935
0.682424907 -0.156165467
0.693333309 -0.155253737
0.704298317 -0.154402396
0.715301646 -0.153525209
0.726412392 -0.152623628
0.737508376 -0.151731533
0.748583133 -0.150782075
0.759619709 -0.149878242
0.770678873 -0.148997999
0.781829798 -0.148066974
0.792872242 -0.147204006
0.804017201 -0.146207589
0.815123670 -0.145113021
0.826385579 -0.144041245
0.838137264 -0.142779045
0.849411087 -0.141721373
0.860773949 -0.140593793
0.872109516 -0.139473679
0.883373575 -0.138426162
0.894743022 -0.137375697
0.906007514 -0.136265928
0.917233850 -0.135164814
0.928470986 -0.134068706
0.939659662 -0.132971956
0.951073384 -0.131818785
0.962499272 -0.130589917
0.973911567 -0.129254452
0.985325137 -0.127959513
0.996755778 -0.126784790
1.008192387 -0.125599318
1.019529482 -0.124419868
1.030848140 -0.123190813
1.042222710 -0.121969061
1.053577439 -0.120732073
1.065125533 -0.119471214
1.076672310 -0.118259627
1.088224706 -0.116988187
1.099747157 -0.115691578
1.111435381 -0.115069444
1.122912487 -0.113794409
1.134232004 -0.112444486
1.145370547 -0.111000998
1.156525988 -0.109622496
1.167776032 -0.108131880
1.179008995 -0.106366448
1.190310922 -0.104521311
1.201604893 -0.102379184
1.212996594 -0.100148943
1.224258432 -0.097818417
1.235515837 -0.095364775
1.246787572 -0.092817641
1.257838942 -0.089982296
1.268873323 -0.087067943
1.279818191 -0.083982493
1.290727840 -0.080808934
1.301540147 -0.077562584
1.312416603 -0.074156166
1.323130647 -0.070379127
1.333891397 -0.066531127
1.344754282 -0.062565957
1.355647191 -0.058464205
1.366509603 -0.054251738
1.377280001 -0.049826022
1.387970269 -0.045325834
1.398698934 -0.040768973
1.408931535 -0.035763868
1.418866920 -0.030673212
1.428678985 -0.025384090
1.438376429 -0.020027238
1.447977933 -0.014568291
1.457299210 -0.008780146
1.466695913 -0.002747797
1.475961167 0.003651272
1.485235036 0.010273439
1.494471836 0.017243888
1.503607878 0.024349722
1.512342760 0.031676946
1.521428584 0.039062784
1.529783534 0.046589994
1.537910268 0.054214511
1.545690929 0.061796855
1.553582932 0.069291412
1.560904076 0.077145878
1.568193727 0.085211520
1.575461117 0.093255649
1.583079990 0.101590780
1.590606530 0.110184360
1.597753422 0.118831901
1.604962912 0.127500448
1.612102225 0.136202356
1.619023833 0.144968355
1.625647267 0.153744188
1.631975944 0.162424482
1.638428876 0.171181776
1.644752523 0.179954184
1.650991652 0.188691196
1.657413047 0.197537636
1.664181323 0.206589190
1.671114275 0.215665296
1.678004353 0.224705198
1.685203844 0.233445331
1.692327589 0.242147808
1.699205795 0.250690336
1.706136905 0.259129854
1.713023570 0.267595280
1.719535832 0.275716041
1.726208745 0.284113951
1.732674645 0.292407758
1.739184581 0.300845665
1.746119007 0.309699490
1.752856922 0.318550432
1.759826906 0.327681088
1.766721726 0.336961453
1.773603020 0.346319627
1.779847639 0.355655576
1.785998399 0.364984820
1.790854093 0.373538860
1.796023345 0.382452860
1.800977125 0.391478862
1.805339401 0.400708217
1.809527566 0.409959283
1.813406050 0.419367684
1.817436545 0.429296231
1.821497662 0.439506503
1.825409623 0.449880947
1.829038216 0.460142613
1.832487342 0.470439672
1.836029835 0.480980600
1.839139109 0.491075109
1.841959928 0.500875134
1.844720926 0.510828186
1.847349675 0.520794921
1.850303720 0.531722089
1.852852637 0.543217938
1.855487437 0.555439514
1.858206000 0.568007198
1.861060604 0.581390058
1.863697555 0.595022335
1.866056129 0.608521973
1.868127795 0.621918837
1.869893138 0.635132726
1.871299251 0.648022190
1.872398400 0.660783849
1.873499974 0.674022218
1.874399705 0.687195792
1.875012299 0.700833873
1.875427282 0.714559978
1.875782508 0.728347989
1.876018498 0.742280544
1.876262557 0.755802442
1.876574636 0.768687650
1.876999629 0.781354485
1.877479179 0.793836018
1.878002811 0.806141564
1.878567685 0.818359009
1.879438901 0.830618464
1.880531670 0.843103440
1.881868362 0.855569843
1.883307684 0.868049638
1.884753161 0.880464331
1.886272528 0.892861427
1.888035567 0.905163794
1.889706853 0.917046484
1.891448198 0.928891401
1.892886919 0.939833546
1.894443621 0.950987459
1.896151024 0.962275565
1.898016768 0.973564016
1.899977538 0.985072973
1.901869848 0.996598533
1.903841903 1.008350927
1.905658395 1.020181503
1.907412701 1.032031311
1.908951402 1.044183927
1.910369895 1.056259885
1.911578161 1.068337741
1.912485056 1.080214280
1.913320415 1.091946254
1.913975382 1.103617750
1.914534336 1.115315484
1.914949226 1.127111947
1.915257916 1.139098669
1.915444258 1.151162953
1.915571755 1.163337334
1.915544475 1.175565365
1.915420321 1.187848316
1.915180243 1.200002901
1.914816165 1.212123957
1.914342637 1.224237518
1.913822738 1.236179001
1.912962282 1.247865181
1.912016444 1.259567395
1.911026716 1.271468878
1.909975070 1.283376139
1.908803251 1.295318357
1.907544974 1.307265616
1.906175213 1.319323077
1.904789729 1.331462824
1.903328007 1.343584960
1.901662740 1.355661469
1.899916723 1.367713694
1.898077346 1.379596284
1.896308362 1.391580888
1.894399805 1.403397444
1.892669690 1.415480148
1.890836268 1.427587702
1.889034528 1.439668933
1.887167507 1.451762513
1.885217882 1.463831998
1.883207080 1.475959913
1.881199314 1.488145804
1.879144982 1.500197065
1.876982761 1.511995685
1.874843836 1.523962355
1.872804829 1.535892887
1.871047887 1.547998236
1.869360652 1.560181379
1.867742158 1.572164180
1.866196971 1.584283964
1.864692902 1.596413928
1.863294408 1.608706143
1.861939679 1.621033472
1.860672316 1.633293572
1.859428084 1.645500321
1.858169344 1.657696994
1.856920753 1.669823486
1.855647395 1.681942997
1.854479175 1.693963067
1.853328473 1.706280693
1.852100757 1.718329032
1.850853770 1.730342561
1.849679708 1.742501454
1.848499735 1.754717401
1.847342333 1.767009037
1.846074352 1.779185786
1.844866795 1.791493664
1.843752753 1.803843455
1.842583440 1.815888033
1.841268284 1.827830225
1.839987664 1.839787079
1.838781481 1.851755115
1.837575176 1.863714283
1.836383531 1.875647216
1.835120342 1.887595590
1.833838215 1.899574685
1.832588737 1.911568929
1.831377131 1.923614631
1.830178371 1.935711241
1.829025060 1.947849905
1.827808316 1.959850436
1.826533567 1.971796712
1.825237491 1.983735298
1.823907908 1.995608623
1.822625760 2.007501992
1.821333147 2.019404976
1.820038386 2.031442266
1.818746506 2.043498357
1.817477199 2.055561269
1.816212205 2.067640715
1.814934789 2.079638803
1.813673162 2.091713332
1.812336447 2.103775899
1.810976985 2.115788493
1.809724217 2.127867236
1.808218684 2.139876846
1.806768041 2.151811217
1.805332413 2.163746853
1.804046692 2.175673128
1.802707688 2.187590076
1.801361963 2.199554983
1.800000675 2.211548687
1.798701459 2.223631377
1.797423546 2.235797579
1.796166599 2.247914648
1.794788927 2.259972045
1.793482411 2.272166234
1.792055919 2.284401249
1.790571756 2.296942289
1.789056002 2.309567078
1.787531227 2.322380623
1.786043681 2.335521186
1.784361160 2.348705098
1.782839279 2.361981202
1.781336298 2.375297734
1.779898910 2.388735159
1.778167035 2.401773137
1.776601056 2.414853309
1.775034864 2.427860524
1.773344456 2.440831288
1.771629383 2.453732772
1.770058814 2.467196567
1.768478488 2.480688812
1.766877052 2.494338202
1.765141953 2.508296986
1.763361638 2.522477965
1.761576074 2.536767794
1.759804207 2.551160773
1.758051723 2.565394071
1.756294590 2.579566686
1.754535885 2.593293240
1.752699605 2.607386034
1.750863423 2.621489748
1.749021676 2.635554092
1.747191472 2.649856742
1.745326313 2.664526096
1.743486775 2.679261730
1.741655326 2.694019007
1.739802540 2.708866736
1.737933903 2.723814769
1.736047624 2.738608302
1.733990731 2.753358697
1.732021191 2.768226694
1.730091448 2.783098089
1.728173772 2.798147699
1.726145235 2.813201578
1.724076593 2.828563649
1.722090132 2.844887967
1.720057493 2.861334218
1.717875688 2.877779949
1.715633329 2.894267540
1.713367290 2.910755698
1.711082896 2.927185214
1.708812427 2.943648734
1.706699022 2.959981978
1.704578155 2.976075035
1.702587984 2.992295149
1.700427536 3.008314490
1.698485975 3.024427194
1.696497366 3.040826868
1.694303858 3.056996171
1.691978855 3.073203814
1.689688906 3.089539019
1.687524579 3.105691667
1.685095914 3.121791683
1.682646579 3.138008104
1.680305056 3.154175893
1.678042190 3.170243445
1.675776592 3.186328912
1.673515086 3.202446695
1.671148555 3.218585500
1.668743346 3.234766683
1.666394422 3.250941999
1.664042074 3.267171310
1.661682309 3.283401032
1.659401362 3.299675197
1.657154866 3.315951474
1.654966675 3.332360926
1.652742644 3.348790887
1.650341705 3.364860312
1.647991632 3.381116407
1.645667638 3.397303556
1.643350204 3.413444526
1.640974233 3.429638650
1.638533376 3.446089119
1.636212292 3.462341126
1.633948951 3.478962594
1.631715924 3.495579017
1.629194399 3.512067520
1.626611695 3.528646142
1.624139027 3.545182078
1.621603924 3.561488278
1.619153035 3.577777460
1.616674599 3.594043655
1.614291742 3.610032728
1.611897307 3.626356872
1.609538373 3.642541212
1.607291452 3.658625959
1.605022443 3.674662529
1.602761861 3.690738561
1.600681450 3.706555688
1.598682959 3.722532307
1.596750640 3.738720571
1.594879126 3.754926605
1.593119190 3.771192509
1.591532926 3.787350903
1.590090220 3.803624151
1.588717545 3.819902176
1.587401444 3.836222890
1.586105371 3.852544268
1.584862775 3.868873875
1.583752234 3.885233002
1.582762992 3.901693898
1.581882666 3.918177082
1.581026841 3.934676723
1.580206903 3.951137462
1.579488878 3.967734524
1.578794403 3.984240198
1.577871249 4.000439009
1.577497614 4.016979309
1.576955565 4.033277149
1.576428150 4.049284624
1.575570704 4.065490203
1.574815918 4.081642620
1.574038826 4.097859273
1.573253884 4.114151742
1.572478083 4.130463288
1.571637648 4.146865562
1.570710991 4.163313108
1.569835069 4.179764682
1.568948044 4.196039567
1.568049912 4.212460663
1.567193829 4.228815460
1.566343583 4.245208880
1.565447369 4.261850006
1.564627316 4.278391470
1.563628672 4.294491189
1.562652760 4.310826356
1.561686804 4.327092640
1.560770548 4.343288631
1.559675468 4.359427169
1.558729762 4.375653280
1.557658814 4.391898958
1.556987302 4.408690628
1.556139783 4.424915237
1.555351631 4.441557215
1.554297434 4.458131812
1.553246689 4.474630215
1.552199573 4.491245026
1.551226928 4.507844002
1.550255242 4.524314249
1.549334540 4.540827318
1.548415567 4.557304221
1.547505210 4.573790171
1.546600293 4.590204515
1.545701655 4.606602566
1.544793904 4.623089992
1.543838581 4.639287703
1.543269380 4.656025629
1.542154185 4.672120286
1.541197788 4.688183904
1.540214739 4.704365725
1.539274053 4.720521231
1.538718041 4.737005878
1.537747624 4.753487224
1.536440435 4.769880589
1.535025049 4.786321439
1.533512332 4.802695119
1.531947939 4.818917919
1.530114170 4.834873323
1.528241518 4.850495636
1.526280874 4.865711855
1.524121029 4.881010680
1.521859871 4.895653977
1.519417826 4.910192522
1.516786263 4.924744310
1.513945267 4.939436593
1.511028778 4.954010100
1.508046906 4.968757691
1.504958005 4.983714875
1.501792877 4.999254383
1.498738575 5.014947395
1.495978595 5.030654290
1.493345326 5.046021715
1.490695526 5.061501766
1.488115970 5.076330004
1.485488837 5.091339674
1.483157342 5.106807347
1.480765939 5.123142117
1.478406372 5.138532903
1.476056955 5.153965628
1.473545306 5.170613761
1.471102166 5.186812176
1.468683414 5.202978268
1.465927063 5.220143138
1.463505099 5.235719143
1.461073641 5.251413327
1.458825300 5.267540992
1.456649973 5.283012786
1.454211580 5.298790848
1.451937885 5.314749030
1.449616948 5.330478520
1.447247722 5.345965905
1.444943851 5.361799038
1.442698362 5.376903793
1.440019033 5.391969472
1.437361341 5.407013177
1.434846225 5.422276770
1.432310013 5.437598015
1.429859277 5.452579896
1.427430704 5.467425855
1.424973048 5.482562718
1.422489058 5.497690649
1.419960003 5.512775577
1.417426910 5.527931125
1.414847118 5.543114683
1.412385119 5.558097797
1.409879057 5.573007401
1.407666103 5.587985355
1.405299250 5.604197800
1.402775467 5.619151068
1.400222067 5.634047252
1.397704070 5.649103886
1.395453732 5.665210740
1.392716970 5.679947112
1.389870868 5.694820069
1.387230146 5.709627929
1.384568031 5.724495677
1.381906872 5.739410859
1.379238370 5.754329639
1.376639861 5.769253488
1.373974445 5.784564568
1.371396148 5.799916952
1.368829425 5.815165804
1.366115580 5.830319453
1.363316323 5.845761045
1.360513533 5.861173538
1.357791840 5.876059757
1.355156562 5.890866758
1.352408018 5.906170341
1.349720468 5.921477387
1.347068132 5.936486716
1.344917491 5.951756303
1.342607969 5.966967464
1.340333132 5.981915882
1.337889382 5.996785240
1.335472495 6.011521063
1.333041758 6.026428754
1.330679751 6.041042043
1.328329473 6.055640023
1.325946584 6.070380128
1.323486960 6.085549372
1.321081256 6.100553957
1.318845709 6.115235840
1.316460093 6.130210838
1.314168966 6.145452715
1.311861076 6.160200546
1.309526271 6.174753879
1.307235822 6.189511495
1.305025111 6.204622206
1.302831885 6.219500706
1.300474816 6.234370268
1.298096282 6.249188105
1.296632487 6.265006253
1.294299099 6.279683048
1.291853898 6.294572828
1.289484613 6.309515196
1.287096992 6.324515952
1.284802511 6.339510429
1.282476909 6.354657860
1.280267024 6.369339515
1.278253103 6.384582380
1.276212004 6.399663431
1.274957322 6.415211183
1.271700155 6.429841312
1.268811640 6.444818865
1.266166770 6.459843762
1.263404003 6.474568213
1.261583592 6.489576635
1.259772202 6.504518277
1.257933315 6.519505188
1.255908014 6.534467195
1.254874729 6.549730538
1.253736883 6.565054851
1.252582770 6.580366214
1.251421404 6.595627370
1.249749607 6.610730233
1.247993633 6.625959218
1.246185173 6.640959031
1.244514655 6.655954790
1.242746509 6.671107049
1.241495677 6.686615207
1.239866828 6.701637568
1.238235971 6.716674788
1.236942511 6.731906525
1.235390392 6.747086990
1.233907534 6.762229819
1.232076852 6.776979474
1.230513523 6.791921147
1.229296579 6.807115456
1.227883705 6.822167461
1.226397110 6.837239808
1.224777815 6.852339600
1.223274261 6.867488995
1.221785679 6.882665602
1.220257521 6.897712448
1.218418551 6.912713952
1.216345362 6.927840678
1.212073377 6.942732810
1.207359220 6.957380095
1.202085703 6.972501289
1.195837844 6.987146363
1.188264803 7.001492283
1.180310946 7.015044302
1.171810859 7.028415465
1.162976086 7.040776482
1.153038315 7.053035385
1.142712666 7.064971551
1.132213305 7.076833701
1.120993326 7.088757344
1.109446518 7.100512597
1.097797207 7.112206330
1.086023961 7.123392708
1.073980443 7.134257668
1.061611125 7.144888679
1.048998371 7.155356346
1.036313740 7.165820189
1.023520861 7.175978283
1.010334718 7.184809223
0.996982907 7.193680382
0.983590706 7.201969898
0.970269638 7.209833069
0.956849356 7.217446057
0.943474700 7.224694186
0.929924752 7.231839876
0.916097417 7.238794885
0.901889622 7.245403740
0.886906409 7.252614626
0.871663011 7.259613319
0.856197329 7.266224650
0.840763426 7.272568909
0.825332288 7.278656959
0.809922513 7.284487035
0.794589084 7.290049788
0.779340872 7.295357092
0.764181390 7.300502212
0.748979992 7.305616266
0.733704360 7.310584858
0.718369961 7.315141689
0.702728687 7.319332384
0.686891556 7.323186477
0.671018621 7.326871600
0.652590972 7.331565477
0.634145406 7.335857748
0.615121454 7.340155892
0.595958898 7.344037258
0.577218090 7.347612067
0.559141653 7.350546784
0.541113886 7.353028517
0.523118699 7.355156894
0.505147887 7.356978566
0.487004704 7.358563826
0.468551577 7.359994301
0.449863846 7.361247924
0.431000589 7.362230201
0.412401196 7.362997225
0.394013423 7.363304644
0.375826444 7.363512501
0.357763947 7.364068729
0.339092621 7.365159345
0.320646737 7.366255923
0.301926547 7.369082099
0.283352396 7.372121777
0.264819206 7.375272608
0.246296455 7.378482678
0.228033380 7.381727446
0.209972921 7.384961416
0.191984186 7.388195474
0.174103293 7.391829855
0.156654732 7.395400595
0.139193959 7.398494693
0.121458815 7.402221265
0.103724925 7.405980341
0.085981723 7.409693746
0.068375155 7.413139153
0.050417477 7.416887514
0.032614082 7.420473905
0.014889453 7.424082611
-0.002727668 7.427552133
-0.020308822 7.430950908
-0.037837350 7.434617004
-0.055103120 7.438083285
-0.072512089 7.441607097
-0.089955038 7.445088894
-0.107427208 7.448553077
-0.124960121 7.451843971
-0.142510272 7.455293646
-0.160183236 7.458825171
-0.177867654 7.462227478
-0.195581278 7.465625950
-0.213349040 7.469027744
-0.231116373 7.472416380
-0.248877725 7.475358686
-0.266646957 7.477951547
-0.284409746 7.480425441
-0.302164877 7.482798617
-0.319913604 7.484896961
-0.337716364 7.486845959
-0.355649806 7.488225818
-0.373224839 7.489310262
-0.390946324 7.489797564
-0.408641513 7.489765269
-0.426448266 7.489333384
-0.444377934 7.488554526
-0.462257991 7.487577012
-0.480039120 7.486273834
-0.497811728 7.484653942
-0.515576083 7.482758658
-0.533270517 7.480608883
-0.551348272 7.478171646
-0.568686658 7.475204972
-0.586601913 7.472096308
-0.604380794 7.468751032
-0.622125855 7.465161721
-0.639694054 7.461292084
-0.657259479 7.457166067
-0.674953721 7.452940788
-0.693743205 7.448972906
-0.712323333 7.444818425
-0.730844786 7.440889447
-0.749467292 7.437458341
-0.767564806 7.434275383
-0.785484146 7.431404012
-0.803212320 7.428633399
-0.820896837 7.425925227
-0.837337916 7.422827676
-0.855338404 7.420974509
-0.873178125 7.418907903
-0.890948292 7.416814793
-0.908579838 7.414721870
-0.926201822 7.412654396
-0.943774058 7.410563753
-0.961380358 7.408438801
-0.979077319 7.406394862
-0.996784628 7.404337875
-1.014495160 7.402259499
-1.032243015 7.400142589
-1.050007350 7.398051975
-1.067738600 7.395930342
-1.085462269 7.393868915
-1.103243679 7.391850736
-1.120945795 7.389779374
-1.138642342 7.387692393
-1.156348023 7.385575160
-1.174067282 7.383472840
-1.191750681 7.381295256
-1.209362330 7.378982020
-1.226668478 7.376477017
-1.244088203 7.373893821
-1.261220622 7.369944809
-1.278466697 7.365809472
-1.295731256 7.361563751
-1.313090403 7.357324329
-1.330082562 7.352962577
-1.347112664 7.348387224
-1.364039816 7.343683517
-1.380931044 7.338889676
-1.397686791 7.333944481
-1.413716248 7.328589951
-1.429727693 7.323040312
-1.446015714 7.316973864
-1.462175298 7.310582014
-1.478242739 7.303976898
-1.494223292 7.296801918
-1.510087090 7.289430691
-1.525801873 7.281836431
-1.541610808 7.273969501
-1.557223039 7.265814819
-1.572756470 7.257563838
-1.588269392 7.249234222
-1.603632709 7.240911508
-1.619164636 7.232529911
-1.634673522 7.224016484
-1.649735968 7.215555198
-1.664893940 7.207005670
-1.679865616 7.198486611
-1.694863961 7.189991162
-1.709735965 7.181389569
-1.724740077 7.172558281
-1.739447114 7.163606877
-1.754230820 7.154437725
-1.768801043 7.145042752
-1.783152157 7.135629814
-1.797768474 7.126378185
-1.812056061 7.116827886
-1.826226216 7.107060286
-1.840478792 7.097364462
-1.854579538 7.087255123
-1.868657984 7.077148976
-1.882552850 7.066961888
-1.896751633 7.056932692
-1.910872052 7.047022567
-1.924958718 7.037479851
-1.939064545 7.028015386
-1.953346116 7.018665937
-1.967516282 7.009455329
-1.981780311 7.000244978
-1.995998629 6.991094303
-2.010480330 6.982311141
-2.024826467 6.973368400
-2.039041567 6.964593500
-2.052146182 6.956181073
-2.065463760 6.947861554
-2.076215711 6.936375393
-2.086796075 6.924467372
-2.096488926 6.911240236
-2.105726653 6.897625441
-2.114281558 6.883226458
-2.122496083 6.868591683
-2.130826812 6.853367162
-2.138632229 6.838077013
-2.146052710 6.822522330
-2.152817968 6.806967815
-2.159150079 6.791366269
-2.165126159 6.775749098
-2.170232565 6.760135513
-2.175166674 6.744648132
-2.179890259 6.729114859
-2.184397639 6.713549731
-2.188895239 6.697937669
-2.193177136 6.682273888
-2.197184283 6.666630163
-2.200885435 6.651044817
-2.204349889 6.635352145
-2.207343150 6.619577415
-2.210282206 6.603540434
-2.213117564 6.587457020
-2.215709483 6.570602313
-2.218043564 6.553616759
-2.220178905 6.536598629
-2.222010150 6.519638888
-2.223098141 6.502634453
-2.224135816 6.486176284
-2.224874151 6.469799195
-2.226518088 6.453985820
-2.229013112 6.437378299
-2.232381217 6.421017713
-2.236028316 6.404657225
-2.239923929 6.388331872
-2.244036266 6.371856119
-2.248244640 6.355464760
-2.252470184 6.339167598
-2.257122028 6.323085661
-2.261812062 6.307132816
-2.266701923 6.291301720
-2.271659147 6.275475677
-2.276499903 6.259584373
-2.281367273 6.243725406
-2.286340805 6.227771889
-2.291255718 6.211847847
-2.296126803 6.196040914
-2.301189103 6.180084605
-2.306185384 6.164337199
-2.311118600 6.148598029
-2.316081060 6.132867644
-2.321027710 6.117127308
-2.326008146 6.101407125
-2.330995312 6.085627939
-2.335911932 6.069829589
-2.340777566 6.054052783
-2.345749808 6.038184548
-2.350662192 6.022546779
-2.355649645 6.006700284
-2.360701983 5.990826892
-2.365682691 5.974924499
-2.370697148 5.958962840
-2.375697418 5.942991754
-2.380646565 5.926968951
-2.385544355 5.911050707
-2.390419435 5.895137844
-2.395290209 5.879253052
-2.400145463 5.863432713
-2.404982005 5.847614256
-2.409802214 5.831833928
-2.414697032 5.816036418
-2.419605211 5.800241431
-2.424350235 5.784352325
-2.429018953 5.768502086
-2.433654309 5.752626152
-2.438202141 5.736884962
-2.442718866 5.721079499
-2.447131034 5.705162357
-2.451446324 5.689267249
-2.455556999 5.673354957
-2.459531105 5.657381452
-2.463399376 5.641327852
-2.467125419 5.625282262
-2.470632136 5.609270084
-2.474021237 5.593175687
-2.477202474 5.577030905
-2.480250482 5.560760930
-2.482461460 5.544350514
-2.484741184 5.527850812
-2.486924669 5.511302754
-2.488989724 5.494740737
-2.490785886 5.477976676
-2.492429666 5.461176732
-2.493944951 5.444396942
-2.495417480 5.427789497
-2.496797136 5.410950561
-2.498105015 5.394067229
-2.499301348 5.377207287
-2.500435136 5.360420396
-2.501280963 5.343436128
-2.501930575 5.326459856
-2.502469832 5.309514849
-2.502956651 5.292614399
-2.503337946 5.275750728
-2.503578396 5.258698445
-2.503692066 5.241582452
-2.503883488 5.225066864
-2.504013799 5.208263447
-2.503946321 5.191361336
-2.503717116 5.174436098
-2.503386209 5.157296099
-2.502889354 5.140524200
-2.502253297 5.123613718
-2.501553051 5.106329618
-2.500741130 5.089267711
-2.499859228 5.072332446
-2.498856084 5.055111188
-2.497704031 5.037954743
-2.496383558 5.021454886
-2.494952860 5.004732828
-2.493415332 4.988225247
-2.491762144 4.971712793
-2.489943376 4.955142800
-2.488081980 4.938627657
-2.486128919 4.921836544
-2.484036640 4.904996091
-2.481773648 4.888166430
-2.479284406 4.871284268
-2.476741021 4.854412404
-2.474097551 4.837665067
-2.471344876 4.820953902
-2.468446347 4.804128959
-2.465540175 4.787510032
-2.462597781 4.771047599
-2.459578842 4.754483099
-2.456542497 4.738179410
-2.453667433 4.721948908
-2.450819854 4.705707800
-2.447941311 4.689432629
-2.445133894 4.673137058
-2.442363681 4.656603865
-2.439633500 4.640105906
-2.437013752 4.623579019
-2.434466114 4.606637886
-2.431890768 4.589887601
-2.429370267 4.573258609
-2.426978478 4.556657038
-2.424614679 4.540142385
-2.422366039 4.523738029
-2.420138306 4.507283923
-2.417923831 4.490787717
-2.415680842 4.474336981
-2.413418332 4.457804074
-2.411141915 4.441165044
-2.408874993 4.424663756
-2.406636458 4.408054645
-2.404358234 4.391515931
-2.402088606 4.375122441
-2.399775357 4.358397724
-2.397428988 4.341682500
-2.395075373 4.325002944
-2.392726024 4.308101211
-2.390370593 4.291214970
-2.387951904 4.274498991
-2.385479422 4.257590905
-2.383122593 4.241036578
-2.380736503 4.224520103
-2.378392072 4.207964005
-2.376057503 4.191427981
-2.373609768 4.174891916
-2.371319937 4.158378899
-2.368941765 4.141811655
-2.366340731 4.125408421
-2.363814750 4.108976163
-2.361279570 4.092580471
-2.358721145 4.076164876
-2.356157070 4.059654121
-2.353578541 4.043183015
-2.351114933 4.026799467
-2.348788565 4.010309998
-2.346275429 3.993837359
-2.343725304 3.977469394
-2.341162879 3.961120098
-2.338583329 3.944799835
-2.335995377 3.928458223
-2.333441655 3.912095712
-2.330884437 3.895734662
-2.328302023 3.879180416
-2.325746496 3.862615295
-2.323179450 3.846163772
-2.320475291 3.829621021
-2.317769542 3.813192323
-2.315079369 3.796767282
-2.312406463 3.780465102
-2.309698478 3.763996861
-2.306948143 3.747503277
-2.304141470 3.730950886
-2.301461848 3.714313303
-2.298725186 3.697675159
-2.295939223 3.681164605
-2.293006087 3.664592667
-2.290148673 3.648227195
-2.287496363 3.631953739
-2.284837573 3.615583602
-2.282184689 3.599382655
-2.279536976 3.583199348
-2.276877817 3.566946205
-2.274241885 3.550687510
-2.271334676 3.534198286
-2.268424975 3.517717024
-2.265615770 3.501520790
-2.262786418 3.485258366
-2.259981036 3.468974677
-2.257120837 3.452721589
-2.254149889 3.436264937
-2.251286836 3.419755236
-2.248402705 3.403395858
-2.245477508 3.386861840
-2.242522858 3.370409065
-2.239573894 3.354051241
-2.236633857 3.337739899
-2.233726374 3.321444106
-2.230827467 3.305198144
-2.227902403 3.288837191
-2.224975091 3.272403486
-2.222024794 3.255978550
-2.218837321 3.239460256
-2.215625007 3.222907743
-2.212454350 3.206546839
-2.209285436 3.190225821
-2.206113837 3.173900478
-2.202890013 3.157577976
-2.199807451 3.141423543
-2.196705921 3.125131256
-2.193687555 3.108777513
-2.190484402 3.092355418
-2.187249220 3.075906965
-2.183968782 3.059501580
-2.180781208 3.043138525
-2.177613895 3.026815712
-2.174366415 3.010410634
-2.171150358 2.994018489
-2.167993136 2.977614462
-2.164819075 2.961209599
-2.161663348 2.944806713
-2.158402256 2.928326442
-2.155117493 2.911900611
-2.151880203 2.895487773
-2.148635276 2.879073417
-2.145331491 2.862623157
-2.142008786 2.846225855
-2.138731558 2.829750293
-2.135379570 2.813286485
-2.132054119 2.796790743
-2.128809931 2.780092939
-2.125422452 2.763632304
-2.122123843 2.747107402
-2.118852907 2.730683134
-2.115602729 2.714277125
-2.112379183 2.697912868
-2.109038097 2.680920012
-2.105797786 2.663754007
-2.102699966 2.648228383
-2.099385799 2.631338726
-2.095938660 2.615432763
-2.092571377 2.599226441
-2.089289520 2.582925624
-2.086010510 2.567041446
-2.082643746 2.551069028
-2.079224067 2.534706047
-2.075959817 2.518236512
-2.072625965 2.502100786
-2.069218402 2.485504090
-2.065739680 2.469015761
-2.062266625 2.452742242
-2.058825954 2.435828003
-2.055469639 2.419333956
-2.052114002 2.402777350
-2.048694050 2.385918769
-2.045256711 2.369103316
-2.041810815 2.352316062
-2.038362536 2.335369192
-2.034791114 2.318415142
-2.031362725 2.302168585
-2.027862733 2.285514697
-2.024418331 2.269315251
-2.020916909 2.253098627
-2.017386436 2.236763369
-2.013836499 2.220431518
-2.010309161 2.203984188
-2.006713295 2.187260842
-2.003093591 2.170522205
-1.999457912 2.153870536
-1.995876078 2.136674471
-1.992254978 2.120433628
-1.988715602 2.104234683
-1.985063588 2.086658495
-1.981583273 2.070373285
-1.978042240 2.053928376
-1.974422806 2.037209463
-1.970635862 2.020619415
-1.966904747 2.004276295
-1.963101678 1.987827159
-1.959358070 1.971555672
-1.955497700 1.954969285
-1.951576119 1.938359554
-1.947758720 1.921634694
-1.943993900 1.905116449
-1.940144561 1.888293163
-1.936234883 1.871659667
-1.932255914 1.855035169
-1.928221567 1.838319809
-1.924310328 1.821809126
-1.920433309 1.805435172
-1.916557973 1.788957843
-1.912727575 1.772710786
-1.908940800 1.756430162
-1.905105041 1.739989706
-1.901311027 1.723381465
-1.896999388 1.707100847
-1.892678566 1.690808111
-1.888581722 1.674505219
-1.884485475 1.658207245
-1.880344064 1.641778132
-1.876214413 1.625401744
-1.872090673 1.609050978
-1.868042230 1.592626937
-1.863825355 1.576311293
-1.859632182 1.559965797
-1.855388861 1.543260959
-1.851139274 1.526598742
-1.846995045 1.510381315
-1.842831475 1.493934715
-1.838952341 1.477734942
-1.834938170 1.461389013
-1.830810526 1.444711637
-1.826829894 1.428442771
-1.822671114 1.411819342
-1.818468639 1.395080511
-1.814345695 1.378705869
-1.810335526 1.362493558
-1.806224691 1.346254025
-1.802048575 1.329967261
-1.797860393 1.313699702
-1.793734682 1.297146448
-1.789609008 1.280646996
-1.785442797 1.264254841
-1.781100582 1.247419321
-1.776911649 1.231031907
-1.772665775 1.214745953
-1.768467868 1.198446072
-1.764296314 1.182107464
-1.760181842 1.165783137
-1.756024757 1.149359966
-1.751898357 1.133219244
-1.747851313 1.116822646
-1.743609048 1.100402391
-1.739534667 1.084333204
-1.735307190 1.068313398
-1.731075785 1.052178476
-1.726762769 1.036224574
-1.722486908 1.020209789
-1.718216921 1.003859293
-1.713951239 0.987532846
-1.709601303 0.971204075
-1.705162175 0.954562549
-1.700735963 0.938106049
-1.696327736 0.921691839
-1.691906910 0.905208110
-1.687539689 0.888906232
-1.683195269 0.872679267
-1.678842675 0.856281421
-1.674365901 0.840148064
-1.669863131 0.823958625
-1.665165788 0.807597134
-1.660554015 0.791700578
-1.655897355 0.775233050
-1.651199195 0.758824887
-1.646462975 0.742499782
-1.641508373 0.726170421
-1.636514495 0.709842466
-1.631606451 0.693443247
-1.626634658 0.677083678
-1.621538414 0.660720095
-1.616189863 0.644323462
-1.611076924 0.628019025
-1.605069586 0.612319849
-1.598347221 0.596896565
-1.591225696 0.581372316
-1.583621541 0.565920787
-1.575732687 0.551168705
-1.567299100 0.536578487
-1.558441770 0.522383939
-1.549242384 0.508361719
-1.539193395 0.494193815
-1.528799174 0.480161760
-1.518090283 0.466326264
-1.507072986 0.452808189
-1.495659294 0.439267992
-1.483887282 0.426097568
-1.471641060 0.412801020
-1.459027308 0.399646440
-1.446329554 0.387042723
-1.433387400 0.374673156
-1.420323690 0.362490124
-1.407131243 0.350521464
-1.393722783 0.338803437
-1.380094241 0.327488541
-1.366370594 0.316411525
-1.352546960 0.305586978
-1.338486432 0.294922463
-1.324470727 0.284640284
-1.309752473 0.274015504
-1.294841155 0.263596840
-1.279740215 0.253577247
-1.264521508 0.243638916
-1.249135069 0.233976397
-1.233631544 0.224676104
-1.217811159 0.215596500
-1.201920212 0.206769533
-1.185978714 0.198051965
-1.169885885 0.189615567
-1.153633557 0.181452149
-1.137338577 0.173646322
-1.120941282 0.166028068
-1.104636386 0.158563974
-1.088396769 0.151499730
-1.072060222 0.144757256
-1.055652639 0.138196375
-1.039137646 0.131893136
-1.022719080 0.125921503
-1.006310498 0.120062880
-0.990228470 0.114190674
-0.973346175 0.108497473
-0.956279321 0.103111179
-0.939230729 0.098182746
-0.922191916 0.093557140
-0.905201008 0.088926269
-0.888155874 0.084557970
-0.869820524 0.080580864
-0.852127378 0.077057723
-0.834355103 0.073741300
-0.817079071 0.070615834
-0.799568051 0.068006602
-0.782147398 0.065720008
-0.764532060 0.063932001
-0.746879757 0.062390211
-0.729114378 0.061123103
-0.711413973 0.060147945
-0.693120856 0.059733474
-0.674806466 0.059562347
-0.656757061 0.059822090
-0.638703661 0.060433737
-0.620156975 0.061263616
-0.601666045 0.062366898
-0.583135383 0.063700746
-0.565091498 0.064515854
-0.547621119 0.065534076
-0.530033855 0.066609315
-0.512547552 0.067460718
-0.494772809 0.068230683
-0.476658100 0.068979053
-0.458469797 0.069544547
-0.440292187 0.069458072
-0.421889882 0.069263190
-0.403682053 0.069031197
-0.385413614 0.068643038
-0.366995296 0.068347284
-0.349061431 0.068011575
-0.331285575 0.067742119
-0.313364651 0.067066333
-0.296005310 0.066552334
-0.277915129 0.066070351
-0.259752353 0.065931221
-0.241835023 0.065871924
-0.223799265 0.066184685
-0.205791787 0.066832194
-0.187768989 0.067976328
-0.170305866 0.069579495
-0.152788693 0.071494460
-0.135363121 0.073842117
-0.117908247 0.076619144
-0.100404693 0.079620522
-0.082950802 0.082883203
-0.065697239 0.086695624
-0.048443773 0.090846893
-0.031165361 0.094940537
-0.014141684 0.099216916
0.002900750 0.103508988
0.019800198 0.107933572
0.036658641 0.112176683
0.053744654 0.115388231
0.070682816 0.118493764
0.087692026 0.121579947
0.104875866 0.124190896
0.121933388 0.126737618
0.139029813 0.129360220
0.156294056 0.131878680
0.173548305 0.134428896
0.190833354 0.136960383
0.208279971 0.139517901
0.225439959 0.142003034
0.242673941 0.144511062
0.260000871 0.147067352
0.277134781 0.149546239
0.294344533 0.151974473
0.311722504 0.154409462
0.329043612 0.156816926
0.346390562 0.159117669
0.363779561 0.161477861
0.381109933 0.163867889
0.398365630 0.166243977
0.415752700 0.168719859
0.433074982 0.171201497
0.450263067 0.173820958
0.467546431 0.176431769
0.484845969 0.179079934
0.502174560 0.181765626
0.519737344 0.184443061
0.537313890 0.187192960
0.554798690 0.189942098
0.572308862 0.192737062
0.589740394 0.195493515
0.607148476 0.198267828
0.624597084 0.200979996
0.641967970 0.203747661
0.659480650 0.206342986
0.676990469 0.208941020
0.694483357 0.211584418
0.711879500 0.214321343
0.729390474 0.217175153
0.746757518 0.220026915
0.764106475 0.222844770
0.781516866 0.225739963
0.798862426 0.228510370
0.816174764 0.231336172
0.833575730 0.234151649
0.850996672 0.236980492
0.868320805 0.239803851
0.885705819 0.242801039
0.903018744 0.245821715
0.920415119 0.248536065
0.937847673 0.251261679
0.955201267 0.253958722
0.972588147 0.256685607
0.990106161 0.259396713
1.007442073 0.262097408
1.024823896 0.264834261
1.042065013 0.267932458
1.058986871 0.271008950
1.075565328 0.274178364
1.091333274 0.277139712
1.104490722 0.279622654
1.115493509 0.281672528
1.124067298 0.283339974
1.130918081 0.284645330
1.136711653 0.285610378
1.141003807 0.286271183
1.143511236 0.286637581
1.145160824 0.286890241
1.146055993 0.287012883
1.146174526 0.286980861
1.146009944 0.286900862
1.145705305 0.286819732
1.145282744 0.286751301
1.144795978 0.286668463
1.144296173 0.286575044
1.143789869 0.286487597
1.143304848 0.286398002
1.142912696 0.286322968
1.142559389 0.286262611
1.142297476 0.286221815
1.142079921 0.286179334
1.141896123 0.286170037
1.141758123 0.286161331
1.141642250 0.286151399
1.141574731 0.286157998
1.141531750 0.286148739
1.141478780 0.286148218
1.141447070 0.286150566
1.141369025 0.286150533
1.141298396 0.286133722
1.141223279 0.286124865
1.141150382 0.286111266
1.141107549 0.286094759
1.141061574 0.286088558
1.141034783 0.286068434
1.141001520 0.286069707
1.140963466 0.286070221
1.140932730 0.286074472
1.140946511 0.286054958
1.140908801 0.286056179
1.140904835 0.286060481
1.140886804 0.286046873
1.140869856 0.286039639
1.140857607 0.286049823
1.140844883 0.286043057
1.140785207 0.286032334
1.140758867 0.286037819
1.140771185 0.286036716
1.140769334 0.286039866
1.140768593 0.286036294
1.140765565 0.286041625
1.140746902 0.286050763
1.140735897 0.286044379
1.140718280 0.286044640
1.140747355 0.286052398
1.140712518 0.286036816
1.140675990 0.286035530
1.140682082 0.286030828
1.140668935 0.286026490
1.140645523 0.286030842
1.140638808 0.286024196
1.140635407 0.286020084
1.140585792 0.286014992
1.140620140 0.286002693
1.140609750 0.285999205
1.140590020 0.286003271
1.140619644 0.286005403
1.140646792 0.286005655
1.140666867 0.286000649
1.140677047 0.285996600
1.140689287 0.285987753
1.140686781 0.285989401
1.140694274 0.285978231
1.140697015 0.285979057
